# ea sdbest        2500 pg_dd (rev 1363)                                            
 0.17696963E+14
 0.17791248E+14
 0.17886282E+14
 0.17981954E+14
 0.18078381E+14
 0.18175516E+14
 0.18273318E+14
 0.18371801E+14
 0.18471046E+14
 0.18571039E+14
 0.18671819E+14
 0.18773429E+14
 0.18875734E+14
 0.18978862E+14
 0.19082724E+14
 0.19187401E+14
 0.19292912E+14
 0.19399260E+14
 0.19506535E+14
 0.19614612E+14
 0.19723515E+14
 0.19833320E+14
 0.19943996E+14
 0.20055526E+14
 0.20167935E+14
 0.20280231E+14
 0.20395368E+14
 0.20510379E+14
 0.20626245E+14
 0.20743006E+14
 0.20860592E+14
 0.20979059E+14
 0.21098388E+14
 0.21218648E+14
 0.21339816E+14
 0.21461950E+14
 0.21585012E+14
 0.21708903E+14
 0.21833704E+14
 0.21959443E+14
 0.22086190E+14
 0.22213816E+14
 0.22342475E+14
 0.22471035E+14
 0.22602879E+14
 0.22734574E+14
 0.22867184E+14
 0.23000888E+14
 0.23135540E+14
 0.23271280E+14
 0.23407931E+14
 0.23544527E+14
 0.23684526E+14
 0.23824482E+14
 0.23965653E+14
 0.24107952E+14
 0.24251400E+14
 0.24396040E+14
 0.24541691E+14
 0.24688543E+14
 0.24836538E+14
 0.24985670E+14
 0.25135954E+14
 0.25287418E+14
 0.25440146E+14
 0.25593979E+14
 0.25749084E+14
 0.25905467E+14
 0.26062961E+14
 0.26221781E+14
 0.26381806E+14
 0.26542835E+14
 0.26705259E+14
 0.26869030E+14
 0.27034193E+14
 0.27200783E+14
 0.27368747E+14
 0.27538136E+14
 0.27708883E+14
 0.27880923E+14
 0.28054355E+14
 0.28229087E+14
 0.28405213E+14
 0.28582731E+14
 0.28761828E+14
 0.28942356E+14
 0.29124323E+14
 0.29307817E+14
 0.29492819E+14
 0.29679401E+14
 0.29867379E+14
 0.30057022E+14
 0.30248208E+14
 0.30441075E+14
 0.30635506E+14
 0.30831416E+14
 0.31029127E+14
 0.31228609E+14
 0.31429933E+14
 0.31633096E+14
 0.31838061E+14
 0.32045084E+14
 0.32253725E+14
 0.32464051E+14
 0.32676153E+14
 0.32890207E+14
 0.33106231E+14
 0.33324186E+14
 0.33544186E+14
 0.33766303E+14
 0.33990583E+14
 0.34216910E+14
 0.34445409E+14
 0.34675162E+14
 0.34908755E+14
 0.35143689E+14
 0.35380774E+14
 0.35620070E+14
 0.35861483E+14
 0.36105098E+14
 0.36351270E+14
 0.36599251E+14
 0.36849623E+14
 0.37102684E+14
 0.37358354E+14
 0.37616122E+14
 0.37876701E+14
 0.38139839E+14
 0.38405897E+14
 0.38674137E+14
 0.38945334E+14
 0.39219376E+14
 0.39495915E+14
 0.39775052E+14
 0.40056604E+14
 0.40341053E+14
 0.40627995E+14
 0.40917799E+14
 0.41209565E+14
 0.41505928E+14
 0.41804475E+14
 0.42105379E+14
 0.42409354E+14
 0.42716253E+14
 0.43026401E+14
 0.43339266E+14
 0.43655001E+14
 0.43974169E+14
 0.44296133E+14
 0.44621177E+14
 0.44948989E+14
 0.45280388E+14
 0.45614689E+14
 0.45952713E+14
 0.46294739E+14
 0.46639876E+14
 0.46987996E+14
 0.47339414E+14
 0.47694644E+14
 0.48052983E+14
 0.48415358E+14
 0.48781124E+14
 0.49150842E+14
 0.49524294E+14
 0.49901853E+14
 0.50283363E+14
 0.50668961E+14
 0.51057736E+14
 0.51450854E+14
 0.51847571E+14
 0.52248230E+14
 0.52653034E+14
 0.53062284E+14
 0.53475876E+14
 0.53893745E+14
 0.54316075E+14
 0.54742513E+14
 0.55173822E+14
 0.55609493E+14
 0.56049221E+14
 0.56493838E+14
 0.56942942E+14
 0.57396997E+14
 0.57854846E+14
 0.58317857E+14
 0.58784981E+14
 0.59256689E+14
 0.59733209E+14
 0.60215187E+14
 0.60701563E+14
 0.61192827E+14
 0.61689481E+14
 0.62190590E+14
 0.62695743E+14
 0.63205874E+14
 0.63722978E+14
 0.64245552E+14
 0.64773805E+14
 0.65308110E+14
 0.65847638E+14
 0.66392786E+14
 0.66942927E+14
 0.67499056E+14
 0.68060810E+14
 0.68628457E+14
 0.69202604E+14
 0.69782460E+14
 0.70369054E+14
 0.70962079E+14
 0.71561547E+14
 0.72168143E+14
 0.72781041E+14
 0.73400816E+14
 0.74028906E+14
 0.74664369E+14
 0.75306424E+14
 0.75956866E+14
 0.76612906E+14
 0.77276687E+14
 0.77947920E+14
 0.78626961E+14
 0.79313842E+14
 0.80008571E+14
 0.80711093E+14
 0.81421963E+14
 0.82140812E+14
 0.82868994E+14
 0.83605374E+14
 0.84349747E+14
 0.85102759E+14
 0.85863619E+14
 0.86633308E+14
 0.87410814E+14
 0.88197015E+14
 0.88992242E+14
 0.89797398E+14
 0.90610644E+14
 0.91433721E+14
 0.92265246E+14
 0.93106830E+14
 0.93958369E+14
 0.94820091E+14
 0.95691907E+14
 0.96572826E+14
 0.97463084E+14
 0.98363735E+14
 0.99274271E+14
 0.10019519E+15
 0.10112608E+15
 0.10207397E+15
 0.10303488E+15
 0.10400392E+15
 0.10497960E+15
 0.10596656E+15
 0.10696547E+15
 0.10797594E+15
 0.10899849E+15
 0.11003198E+15
 0.11107698E+15
 0.11213524E+15
 0.11320420E+15
 0.11428615E+15
 0.11537951E+15
 0.11648531E+15
 0.11760304E+15
 0.11873435E+15
 0.11987838E+15
 0.12103839E+15
 0.12220969E+15
 0.12339641E+15
 0.12459674E+15
 0.12581017E+15
 0.12703905E+15
 0.12828104E+15
 0.12953508E+15
 0.13080353E+15
 0.13208658E+15
 0.13338428E+15
 0.13469694E+15
 0.13602574E+15
 0.13736887E+15
 0.13872915E+15
 0.14010448E+15
 0.14149678E+15
 0.14290551E+15
 0.14432888E+15
 0.14577086E+15
 0.14722749E+15
 0.14870031E+15
 0.15018895E+15
 0.15169335E+15
 0.15321513E+15
 0.15475363E+15
 0.15631485E+15
 0.15789573E+15
 0.15949391E+15
 0.16111274E+15
 0.16275257E+15
 0.16441206E+15
 0.16609145E+15
 0.16778535E+15
 0.16949543E+15
 0.17123052E+15
 0.17298907E+15
 0.17476652E+15
 0.17656193E+15
 0.17837834E+15
 0.18021715E+15
 0.18208026E+15
 0.18397020E+15
 0.18588320E+15
 0.18781972E+15
 0.18978187E+15
 0.19176698E+15
 0.19377716E+15
 0.19580842E+15
 0.19786317E+15
 0.19994290E+15
 0.20204748E+15
 0.20417769E+15
 0.20633782E+15
 0.20852597E+15
 0.21074399E+15
 0.21299159E+15
 0.21526815E+15
 0.21757402E+15
 0.21991022E+15
 0.22227655E+15
 0.22467257E+15
 0.22710044E+15
 0.22956264E+15
 0.23205795E+15
 0.23458680E+15
 0.23715379E+15
 0.23976880E+15
 0.24241058E+15
 0.24507961E+15
 0.24779028E+15
 0.25053958E+15
 0.25332019E+15
 0.25613225E+15
 0.25898742E+15
 0.26188515E+15
 0.26482604E+15
 0.26780871E+15
 0.27083458E+15
 0.27389951E+15
 0.27701052E+15
 0.28016343E+15
 0.28336083E+15
 0.28660271E+15
 0.28988845E+15
 0.29321655E+15
 0.29659145E+15
 0.30001158E+15
 0.30348105E+15
 0.30700152E+15
 0.31057551E+15
 0.31420427E+15
 0.31788629E+15
 0.32162859E+15
 0.32542580E+15
 0.32928258E+15
 0.33319564E+15
 0.33716876E+15
 0.34119793E+15
 0.34528723E+15
 0.34943394E+15
 0.35364548E+15
 0.35791824E+15
 0.36225192E+15
 0.36665248E+15
 0.37110888E+15
 0.37562332E+15
 0.38020746E+15
 0.38486163E+15
 0.38959487E+15
 0.39439657E+15
 0.39928288E+15
 0.40425090E+15
 0.40929512E+15
 0.41442642E+15
 0.41963050E+15
 0.42491208E+15
 0.43027015E+15
 0.43571394E+15
 0.44123904E+15
 0.44684826E+15
 0.45255147E+15
 0.45834597E+15
 0.46423757E+15
 0.47023042E+15
 0.47632508E+15
 0.48251927E+15
 0.48880425E+15
 0.49518592E+15
 0.50166297E+15
 0.50823396E+15
 0.51490595E+15
 0.52167609E+15
 0.52854738E+15
 0.53553407E+15
 0.54263964E+15
 0.54986948E+15
 0.55722829E+15
 0.56471207E+15
 0.57233673E+15
 0.58009208E+15
 0.58796935E+15
 0.59598166E+15
 0.60412074E+15
 0.61242870E+15
 0.62088886E+15
 0.62948984E+15
 0.63822252E+15
 0.64704918E+15
 0.65603233E+15
 0.66517908E+15
 0.67448604E+15
 0.68396018E+15
 0.69362071E+15
 0.70345631E+15
 0.71346690E+15
 0.72367422E+15
 0.73408017E+15
 0.74467567E+15
 0.75545464E+15
 0.76643672E+15
 0.77763516E+15
 0.78904863E+15
 0.80069477E+15
 0.81256335E+15
 0.82465111E+15
 0.83696228E+15
 0.84949121E+15
 0.86224451E+15
 0.87524330E+15
 0.88850280E+15
 0.90205246E+15
 0.91585296E+15
 0.92992804E+15
 0.94427652E+15
 0.95890360E+15
 0.97383177E+15
 0.98910282E+15
 0.10046644E+16
 0.10205402E+16
 0.10367331E+16
 0.10532782E+16
 0.10701440E+16
 0.10873258E+16
 0.11048793E+16
 0.11228675E+16
 0.11412540E+16
 0.11600561E+16
 0.11792805E+16
 0.11989353E+16
 0.12190708E+16
 0.12397069E+16
 0.12608515E+16
 0.12824812E+16
 0.13045182E+16
 0.13269940E+16
 0.13499729E+16
 0.13734858E+16
 0.13975474E+16
 0.14221698E+16
 0.14473644E+16
 0.14731590E+16
 0.14995938E+16
 0.15267120E+16
 0.15545161E+16
 0.15829925E+16
 0.16122347E+16
 0.16422259E+16
 0.16729039E+16
 0.17043305E+16
 0.17366114E+16
 0.17697749E+16
 0.18038824E+16
 0.18389007E+16
 0.18748851E+16
 0.19118643E+16
 0.19500488E+16
 0.19893962E+16
 0.20299023E+16
 0.20713184E+16
 0.21140296E+16
 0.21581709E+16
 0.22038062E+16
 0.22508138E+16
 0.22991944E+16
 0.23490493E+16
 0.24004986E+16
 0.24536372E+16
 0.25085103E+16
 0.25651970E+16
 0.26238850E+16
 0.26848028E+16
 0.27476210E+16
 0.28124084E+16
 0.28794189E+16
 0.29487645E+16
 0.30206152E+16
 0.30954180E+16
 0.31727945E+16
 0.32528751E+16
 0.33359844E+16
 0.34223899E+16
 0.35120536E+16
 0.36052208E+16
 0.37017680E+16
 0.38021601E+16
 0.39062688E+16
 0.40145807E+16
 0.41277211E+16
 0.42458012E+16
 0.43688793E+16
 0.44970512E+16
 0.46306409E+16
 0.47703778E+16
 0.49165834E+16
 0.50694686E+16
 0.52293578E+16
 0.53965547E+16
 0.55714502E+16
 0.57544204E+16
 0.59459860E+16
 0.61461433E+16
 0.63555874E+16
 0.65752869E+16
 0.68059072E+16
 0.70477633E+16
 0.73013127E+16
 0.75677102E+16
 0.78484784E+16
 0.81446697E+16
 0.84579344E+16
 0.87894066E+16
 0.91405941E+16
 0.95126032E+16
 0.99073173E+16
 0.10324122E+17
 0.10764913E+17
 0.11233199E+17
 0.11731835E+17
 0.12264379E+17
 0.12832560E+17
 0.13439573E+17
 0.14088392E+17
 0.14785141E+17
 0.15537775E+17
 0.16348865E+17
 0.17217531E+17
 0.18149539E+17
 0.19154727E+17
 0.20243553E+17
 0.21426116E+17
 0.22708934E+17
 0.24109680E+17
 0.25639640E+17
 0.27309146E+17
 0.29135410E+17
 0.31141098E+17
 0.33351806E+17
 0.35793759E+17
 0.38491284E+17
 0.41471773E+17
 0.44775764E+17
 0.48450257E+17
 0.52546922E+17
 0.57109459E+17
 0.62125642E+17
 0.67622261E+17
 0.73652363E+17
 0.80242760E+17
 0.87359834E+17
 0.94844415E+17
 0.10248389E+18
 0.11003866E+18
 0.11732540E+18
 0.12405937E+18
 0.12997419E+18
 0.13513939E+18
 0.13918562E+18
 0.14255212E+18
 0.14519267E+18
 0.14669733E+18
 0.14765237E+18
 0.14731828E+18
 0.14637817E+18
 0.14480305E+18
 0.14199884E+18
 0.13853921E+18
 0.13428059E+18
 0.12906651E+18
 0.12305894E+18
 0.11632631E+18
 0.10912923E+18
 0.10176190E+18
 0.94360677E+17
 0.87204435E+17
 0.80473894E+17
 0.74299912E+17
 0.68693899E+17
 0.63612820E+17
 0.59006051E+17
 0.54882815E+17
 0.51201979E+17
 0.47947450E+17
 0.45056424E+17
 0.42486055E+17
 0.40197918E+17
 0.38167695E+17
 0.36371365E+17
 0.34783142E+17
 0.33378134E+17
 0.32136197E+17
 0.31042974E+17
 0.30090220E+17
 0.29264436E+17
 0.28551651E+17
 0.27946114E+17
 0.27439859E+17
 0.27024030E+17
 0.26691659E+17
 0.26440386E+17
 0.26272773E+17
 0.26186068E+17
 0.26174323E+17
 0.26233082E+17
 0.26361351E+17
 0.26560255E+17
 0.26831330E+17
 0.27175481E+17
 0.27592184E+17
 0.28082710E+17
 0.28650476E+17
 0.29301809E+17
 0.30044260E+17
 0.30880485E+17
 0.31809168E+17
 0.32835884E+17
 0.33971125E+17
 0.35225830E+17
 0.36610532E+17
 0.38131854E+17
 0.39809891E+17
 0.41658740E+17
 0.43690648E+17
 0.45922623E+17
 0.48381367E+17
 0.51095227E+17
 0.54094839E+17
 0.57406482E+17
 0.61060209E+17
 0.65098720E+17
 0.69560903E+17
 0.74532761E+17
 0.80030954E+17
 0.86046831E+17
 0.92606497E+17
 0.99767137E+17
 0.10755634E+18
 0.11592811E+18
 0.12478326E+18
 0.13379104E+18
 0.14266687E+18
 0.15148071E+18
 0.15969540E+18
 0.16710214E+18
 0.17378165E+18
 0.17941535E+18
 0.18435173E+18
 0.18865643E+18
 0.19178491E+18
 0.19500467E+18
 0.19628216E+18
 0.19710138E+18
 0.19776869E+18
 0.19724249E+18
 0.19629880E+18
 0.19476010E+18
 0.19249651E+18
 0.18974565E+18
 0.18656954E+18
 0.18329446E+18
 0.18026617E+18
 0.17769862E+18
 0.17587395E+18
 0.17511424E+18
 0.17558691E+18
 0.17732773E+18
 0.18029843E+18
 0.18445254E+18
 0.18975579E+18
 0.19621598E+18
 0.20380327E+18
 0.21222767E+18
 0.22117829E+18
 0.23022616E+18
 0.23911192E+18
 0.22744782E+18
 0.25480398E+18
 0.26099833E+18
 0.26601074E+18
 0.26957767E+18
 0.27233676E+18
 0.27340485E+18
 0.27320560E+18
 0.29698204E+18
 0.26996929E+18
 0.26614377E+18
 0.26138664E+18
 0.25529413E+18
 0.24841058E+18
 0.24011352E+18
 0.23082511E+18
 0.22048341E+18
 0.20931380E+18
 0.19771730E+18
 0.18598776E+18
 0.17439643E+18
 0.16329483E+18
 0.15293588E+18
 0.14363673E+18
 0.13486664E+18
 0.12705641E+18
 0.12000354E+18
 0.11365943E+18
 0.10797153E+18
 0.10287333E+18
 0.98268653E+17
 0.94128165E+17
 0.90346968E+17
 0.86942864E+17
 0.83861863E+17
 0.81012019E+17
 0.78377293E+17
 0.77132634E+17
 0.73854295E+17
 0.71825576E+17
 0.69974230E+17
 0.68207415E+17
 0.66578791E+17
 0.65070789E+17
 0.63623072E+17
 0.62273694E+17
 0.60983145E+17
 0.59782608E+17
 0.58668479E+17
 0.57659804E+17
 0.56749610E+17
 0.55949501E+17
 0.55277495E+17
 0.54746443E+17
 0.54355389E+17
 0.54107182E+17
 0.54010030E+17
 0.54049605E+17
 0.54228950E+17
 0.54554345E+17
 0.55028901E+17
 0.55656528E+17
 0.56439922E+17
 0.57380050E+17
 0.58480475E+17
 0.59753091E+17
 0.61207131E+17
 0.62862298E+17
 0.64708089E+17
 0.66763679E+17
 0.69023701E+17
 0.71498269E+17
 0.74189667E+17
 0.77079123E+17
 0.80115623E+17
 0.83215221E+17
 0.86321809E+17
 0.89409942E+17
 0.92394750E+17
 0.95221152E+17
 0.97924542E+17
 0.10039139E+18
 0.10275684E+18
 0.10500314E+18
 0.10711159E+18
 0.10912796E+18
 0.11079170E+18
 0.11250284E+18
 0.11413989E+18
 0.11552378E+18
 0.11684643E+18
 0.11805024E+18
 0.11910289E+18
 0.12006878E+18
 0.12097192E+18
 0.12188170E+18
 0.12288303E+18
 0.12401344E+18
 0.12534494E+18
 0.12697172E+18
 0.12893253E+18
 0.13124820E+18
 0.13393329E+18
 0.13700280E+18
 0.14048222E+18
 0.14436837E+18
 0.14868752E+18
 0.15339746E+18
 0.15847585E+18
 0.16395974E+18
 0.16987780E+18
 0.17627110E+18
 0.18326250E+18
 0.19088250E+18
 0.19908115E+18
 0.20786500E+18
 0.21722603E+18
 0.22728533E+18
 0.23818071E+18
 0.24991594E+18
 0.26247287E+18
 0.27582589E+18
 0.29006228E+18
 0.30550653E+18
 0.32232206E+18
 0.34055801E+18
 0.36023325E+18
 0.38132670E+18
 0.40394443E+18
 0.42831656E+18
 0.45483435E+18
 0.48371009E+18
 0.51499890E+18
 0.54863605E+18
 0.58480747E+18
 0.62399576E+18
 0.66669294E+18
 0.71302766E+18
 0.76334226E+18
 0.81761004E+18
 0.87492944E+18
 0.93592221E+18
 0.10009989E+19
 0.10694985E+19
 0.11412438E+19
 0.12151516E+19
 0.12885389E+19
 0.13593239E+19
 0.14275459E+19
 0.14918705E+19
 0.15511678E+19
 0.16029984E+19
 0.16495509E+19
 0.16883066E+19
 0.17195838E+19
 0.17465553E+19
 0.17657329E+19
 0.17819686E+19
 0.17936594E+19
 0.17948915E+19
 0.17830447E+19
 0.17684132E+19
 0.17481263E+19
 0.17218724E+19
 0.16917856E+19
 0.16520006E+19
 0.16064035E+19
 0.15545848E+19
 0.14963858E+19
 0.14329420E+19
 0.13635204E+19
 0.12975827E+19
 0.12257528E+19
 0.11540801E+19
 0.10843229E+19
 0.10174749E+19
 0.95404121E+18
 0.89391975E+18
 0.83697256E+18
 0.78263126E+18
 0.73198668E+18
 0.68490104E+18
 0.64123261E+18
 0.60073793E+18
 0.56299352E+18
 0.52775685E+18
 0.49496791E+18
 0.46470563E+18
 0.43690881E+18
 0.41128093E+18
 0.38737177E+18
 0.36505783E+18
 0.34427769E+18
 0.32502501E+18
 0.30725809E+18
 0.29091368E+18
 0.27575810E+18
 0.26146534E+18
 0.24802684E+18
 0.23544789E+18
 0.22374926E+18
 0.21288001E+18
 0.20267185E+18
 0.19302032E+18
 0.18393671E+18
 0.17542269E+18
 0.16752528E+18
 0.16017036E+18
 0.15322419E+18
 0.14663960E+18
 0.14037977E+18
 0.13440525E+18
 0.12874698E+18
 0.12340314E+18
 0.11834691E+18
 0.11357260E+18
 0.10905685E+18
 0.10478141E+18
 0.10072693E+18
 0.96866022E+17
 0.93198073E+17
 0.89707422E+17
 0.86383613E+17
 0.83217989E+17
 0.80201707E+17
 0.77326682E+17
 0.74579164E+17
 0.71940621E+17
 0.69403202E+17
 0.66964254E+17
 0.64632847E+17
 0.62402386E+17
 0.60268879E+17
 0.58226221E+17
 0.56277622E+17
 0.54419453E+17
 0.52644672E+17
 0.50943570E+17
 0.49312640E+17
 0.47748810E+17
 0.46250043E+17
 0.44811785E+17
 0.43430104E+17
 0.42101781E+17
 0.40823955E+17
 0.39592488E+17
 0.38407805E+17
 0.37268581E+17
 0.36175403E+17
 0.35131709E+17
 0.34133172E+17
 0.33160123E+17
 0.32221105E+17
 0.31315778E+17
 0.30443172E+17
 0.29599767E+17
 0.28786964E+17
 0.28002122E+17
 0.27245468E+17
 0.26516521E+17
 0.25813395E+17
 0.25133413E+17
 0.24478365E+17
 0.23852146E+17
 0.23246755E+17
 0.22661198E+17
 0.22094565E+17
 0.21545559E+17
 0.21013131E+17
 0.20496691E+17
 0.19997450E+17
 0.19514576E+17
 0.19046697E+17
 0.18590253E+17
 0.18148344E+17
 0.17720394E+17
 0.17305500E+17
 0.16903207E+17
 0.16512927E+17
 0.16134769E+17
 0.15768778E+17
 0.15414222E+17
 0.15070497E+17
 0.14737646E+17
 0.14414449E+17
 0.14100964E+17
 0.13796978E+17
 0.13505080E+17
 0.13223055E+17
 0.12948043E+17
 0.12679115E+17
 0.12415448E+17
 0.12157593E+17
 0.11906654E+17
 0.11662212E+17
 0.11423634E+17
 0.11190277E+17
 0.10959915E+17
 0.10734751E+17
 0.10515866E+17
 0.10301580E+17
 0.10092638E+17
 0.98896802E+16
 0.96929486E+16
 0.95025882E+16
 0.93175847E+16
 0.91371397E+16
 0.89611474E+16
 0.87892303E+16
 0.86214262E+16
 0.84580663E+16
 0.82992443E+16
 0.81438607E+16
 0.79917531E+16
 0.78433691E+16
 0.76986927E+16
 0.75572241E+16
 0.74187333E+16
 0.72833412E+16
 0.71509976E+16
 0.70217222E+16
 0.68955619E+16
 0.67724575E+16
 0.66519728E+16
 0.65338676E+16
 0.64179640E+16
 0.63041901E+16
 0.61927718E+16
 0.60835710E+16
 0.59765837E+16
 0.58718235E+16
 0.57693343E+16
 0.56690815E+16
 0.55712509E+16
 0.54767848E+16
 0.53844630E+16
 0.52940677E+16
 0.52052635E+16
 0.51179812E+16
 0.50323940E+16
 0.49482660E+16
 0.48669416E+16
 0.47874260E+16
 0.47093035E+16
 0.46325922E+16
 0.45572657E+16
 0.44833236E+16
 0.44107356E+16
 0.43393471E+16
 0.42691922E+16
 0.42003291E+16
 0.41326676E+16
 0.40665572E+16
 0.40019430E+16
 0.39388392E+16
 0.38771085E+16
 0.38166416E+16
 0.37574364E+16
 0.36992834E+16
 0.36419962E+16
 0.35857747E+16
 0.35306150E+16
 0.34766128E+16
 0.34237499E+16
 0.33719121E+16
 0.33210684E+16
 0.32711610E+16
 0.32220622E+16
 0.31736490E+16
 0.31258236E+16
 0.30786040E+16
 0.30320021E+16
 0.29865773E+16
 0.29419801E+16
 0.28979454E+16
 0.28544614E+16
 0.28118008E+16
 0.27702290E+16
 0.27295033E+16
 0.26896058E+16
 0.26503947E+16
 0.26118633E+16
 0.25739354E+16
 0.25367121E+16
 0.25000511E+16
 0.24639751E+16
 0.24284533E+16
 0.23935026E+16
 0.23591852E+16
 0.23254785E+16
 0.22923386E+16
 0.22596572E+16
 0.22273450E+16
 0.21954602E+16
 0.21642073E+16
 0.21335208E+16
 0.21033300E+16
 0.20735409E+16
 0.20441914E+16
 0.20153207E+16
 0.19869584E+16
 0.19590907E+16
 0.19316652E+16
 0.19046487E+16
 0.18780244E+16
 0.18518060E+16
 0.18259911E+16
 0.18005731E+16
 0.17755311E+16
 0.17508763E+16
 0.17266024E+16
 0.17027355E+16
 0.16793042E+16
 0.16565978E+16
 0.16343227E+16
 0.16120652E+16
 0.15900874E+16
 0.15684229E+16
 0.15470594E+16
 0.15259504E+16
 0.15051204E+16
 0.14846079E+16
 0.14643834E+16
 0.14444750E+16
 0.14248643E+16
 0.14055246E+16
 0.13864675E+16
 0.13676518E+16
 0.13490865E+16
 0.13307766E+16
 0.13127310E+16
 0.12949568E+16
 0.12774516E+16
 0.12602218E+16
 0.12432395E+16
 0.12264803E+16
 0.12099195E+16
 0.11935879E+16
 0.11775550E+16
 0.11617848E+16
 0.11462041E+16
 0.11308111E+16
 0.11156172E+16
 0.11006549E+16
 0.10859279E+16
 0.10714351E+16
 0.10571674E+16
 0.10431218E+16
 0.10292913E+16
 0.10156805E+16
 0.10022749E+16
 0.98906260E+15
 0.97601700E+15
 0.96315187E+15
 0.95051525E+15
 0.93803051E+15
 0.92559824E+15
 0.91332378E+15
 0.90120625E+15
 0.88926341E+15
 0.87749078E+15
 0.86588266E+15
 0.85444634E+15
 0.84318415E+15
 0.83211052E+15
 0.82119755E+15
 0.81044830E+15
 0.79982658E+15
 0.78932767E+15
 0.77894116E+15
 0.76869091E+15
 0.75858177E+15
 0.74860694E+15
 0.73876443E+15
 0.72906559E+15
 0.71950813E+15
 0.71010041E+15
 0.70084139E+15
 0.69173356E+15
 0.68273794E+15
 0.67384523E+15
 0.66505823E+15
 0.65638538E+15
 0.64781975E+15
 0.63935899E+15
 0.63101799E+15
 0.62278735E+15
 0.61466782E+15
 0.60665761E+15
 0.59875962E+15
 0.59097356E+15
 0.58330332E+15
 0.57575271E+15
 0.56831628E+15
 0.56097944E+15
 0.55373462E+15
 0.54657011E+15
 0.53962325E+15
 0.53280616E+15
 0.52600767E+15
 0.51918205E+15
 0.51243239E+15
 0.50576857E+15
 0.49920470E+15
 0.49273636E+15
 0.48635587E+15
 0.48007785E+15
 0.47389494E+15
 0.46779419E+15
 0.46177621E+15
 0.45583930E+15
 0.44995358E+15
 0.44412428E+15
 0.43837150E+15
 0.43268363E+15
 0.42706442E+15
 0.42152704E+15
 0.41606035E+15
 0.41066367E+15
 0.40534201E+15
 0.40009051E+15
 0.39491594E+15
 0.38980672E+15
 0.38476390E+15
 0.37977408E+15
 0.37483090E+15
 0.36993439E+15
 0.36510881E+15
 0.36036547E+15
 0.35569963E+15
 0.35109812E+15
 0.34656424E+15
 0.34211544E+15
 0.33773074E+15
 0.33340512E+15
 0.32911685E+15
 0.32487074E+15
 0.32068121E+15
 0.31655099E+15
 0.31247761E+15
 0.30846129E+15
 0.30449508E+15
 0.30057611E+15
 0.29670495E+15
 0.29287683E+15
 0.28909285E+15
 0.28536317E+15
 0.28168457E+15
 0.27805891E+15
 0.27447855E+15
 0.27094714E+15
 0.26746830E+15
 0.26403558E+15
 0.26064373E+15
 0.25727661E+15
 0.25396594E+15
 0.25071450E+15
 0.24751272E+15
 0.24435188E+15
 0.24122735E+15
 0.23813937E+15
 0.23508325E+15
 0.23206512E+15
 0.22908923E+15
 0.22615814E+15
 0.22327017E+15
 0.22042855E+15
 0.21763113E+15
 0.21487529E+15
 0.21215980E+15
 0.20948150E+15
 0.20683522E+15
 0.20422400E+15
 0.20164552E+15
 0.19909973E+15
 0.19658617E+15
 0.19410196E+15
 0.19164813E+15
 0.18922035E+15
 0.18682791E+15
 0.18447267E+15
 0.18215304E+15
 0.17986593E+15
 0.17761415E+15
 0.17539382E+15
 0.17320529E+15
 0.17104637E+15
 0.16891033E+15
 0.16679974E+15
 0.16471605E+15
 0.16265946E+15
 0.16063130E+15
 0.15863189E+15
 0.15666949E+15
 0.15473284E+15
 0.15281301E+15
 0.15091138E+15
 0.14903684E+15
 0.14718716E+15
 0.14536307E+15
 0.14356514E+15
 0.14179207E+15
 0.14004385E+15
 0.13832193E+15
 0.13662500E+15
 0.13495229E+15
 0.13330197E+15
 0.13167251E+15
 0.13006562E+15
 0.12847892E+15
 0.12691067E+15
 0.12536128E+15
 0.12383256E+15
 0.12232391E+15
 0.12083735E+15
 0.11937218E+15
 0.11792788E+15
 0.11650494E+15
 0.11510287E+15
 0.11372012E+15
 0.11235659E+15
 0.11101065E+15
 0.10968230E+15
 0.10837178E+15
 0.10707772E+15
 0.10580054E+15
 0.10453701E+15
 0.10329231E+15
 0.10206872E+15
 0.10086389E+15
 0.99679341E+14
 0.98512504E+14
 0.97363106E+14
 0.96229816E+14
 0.95113293E+14
 0.94013425E+14
 0.92928623E+14
 0.91858871E+14
 0.90803884E+14
 0.89762676E+14
 0.88735376E+14
 0.87722474E+14
 0.86725892E+14
 0.85745490E+14
 0.84780799E+14
 0.83831185E+14
 0.82895899E+14
 0.81974321E+14
 0.81065302E+14
 0.80169310E+14
 0.79285923E+14
 0.78415174E+14
 0.77556501E+14
 0.76711000E+14
 0.75877807E+14
 0.75057359E+14
 0.74249558E+14
 0.73454333E+14
 0.72671182E+14
 0.71899448E+14
 0.71139272E+14
 0.70390390E+14
 0.69651461E+14
 0.68922804E+14
 0.68204008E+14
 0.67494259E+14
 0.66795094E+14
 0.66106131E+14
 0.65427318E+14
 0.64758626E+14
 0.64099859E+14
 0.63451026E+14
 0.62811771E+14
 0.62181474E+14
 0.61558143E+14
 0.60942376E+14
 0.60334201E+14
 0.59733217E+14
 0.59142507E+14
 0.58560337E+14
 0.57985878E+14
 0.57418793E+14
 0.56859016E+14
 0.56306632E+14
 0.55761572E+14
 0.55224580E+14
 0.54693077E+14
 0.54169289E+14
 0.53652197E+14
 0.53141721E+14
 0.52637787E+14
 0.52140076E+14
 0.51648074E+14
 0.51161466E+14
 0.50680307E+14
 0.50204337E+14
 0.49733165E+14
 0.49266880E+14
 0.48805906E+14
 0.48349932E+14
 0.47898780E+14
 0.47452749E+14
 0.47011312E+14
 0.46574300E+14
 0.46142658E+14
 0.45714868E+14
 0.45290960E+14
 0.44870979E+14
 0.44454853E+14
 0.44042908E+14
 0.43634891E+14
 0.43231283E+14
 0.42832585E+14
 0.42437116E+14
 0.42044503E+14
 0.41654673E+14
 0.41268069E+14
 0.40884868E+14
 0.40505099E+14
 0.40128815E+14
 0.39756002E+14
 0.39386494E+14
 0.39020191E+14
 0.38657210E+14
 0.38297701E+14
 0.37941335E+14
 0.37588039E+14
 0.37237905E+14
 0.36890864E+14
 0.36546973E+14
 0.36205732E+14
 0.35867396E+14
 0.35531974E+14
 0.35199283E+14
 0.34869423E+14
 0.34543048E+14
 0.34219214E+14
 0.33897911E+14
 0.33579040E+14
 0.33262607E+14
 0.32948575E+14
 0.32637082E+14
 0.32329143E+14
 0.32024349E+14
 0.31722461E+14
 0.31423366E+14
 0.31126760E+14
 0.30832634E+14
 0.30540845E+14
 0.30251283E+14
 0.29964141E+14
 0.29679548E+14
 0.29397405E+14
 0.29117553E+14
 0.28840269E+14
 0.28565430E+14
 0.28292926E+14
 0.28022883E+14
 0.27755297E+14
 0.27490195E+14
 0.27227445E+14
 0.26967171E+14
 0.26709446E+14
 0.26454165E+14
 0.26201160E+14
 0.25950505E+14
 0.25702234E+14
 0.25456286E+14
 0.25212530E+14
 0.24970951E+14
 0.24731645E+14
 0.24494071E+14
 0.24258505E+14
 0.24024576E+14
 0.23793003E+14
 0.23563656E+14
 0.23336446E+14
 0.23111315E+14
 0.22888111E+14
 0.22666939E+14
 0.22447530E+14
 0.22229956E+14
 0.22014063E+14
 0.21799609E+14
 0.21587155E+14
 0.21376533E+14
 0.21168032E+14
 0.20961512E+14
 0.20757017E+14
 0.20554415E+14
 0.20353627E+14
 0.20154843E+14
 0.19957834E+14
 0.19762650E+14
 0.19569200E+14
 0.19377435E+14
 0.19187505E+14
 0.18999332E+14
 0.18812990E+14
 0.18628490E+14
 0.18445668E+14
 0.18264584E+14
 0.18085461E+14
 0.17908098E+14
 0.17732627E+14
 0.17558988E+14
 0.17387079E+14
 0.17216936E+14
 0.17048567E+14
 0.16881774E+14
 0.16716552E+14
 0.16552894E+14
 0.16390860E+14
 0.16230245E+14
 0.16071172E+14
 0.15913590E+14
 0.15757472E+14
 0.15602799E+14
 0.15449581E+14
 0.15297891E+14
 0.15147658E+14
 0.14998911E+14
 0.14851640E+14
 0.14705732E+14
 0.14561228E+14
 0.14418021E+14
 0.14276091E+14
 0.14135561E+14
 0.13996278E+14
 0.13858298E+14
 0.13721582E+14
 0.13586162E+14
 0.13451992E+14
 0.13319099E+14
 0.13187474E+14
 0.13057104E+14
 0.12927981E+14
 0.12800094E+14
 0.12673382E+14
 0.12547851E+14
 0.12423553E+14
 0.12300451E+14
 0.12178501E+14
 0.12057741E+14
 0.11938151E+14
 0.11819735E+14
 0.11702487E+14
 0.11586410E+14
 0.11471564E+14
 0.11357882E+14
 0.11245340E+14
 0.11133969E+14
 0.11023731E+14
 0.10914624E+14
 0.10806634E+14
 0.10699741E+14
 0.10593943E+14
 0.10489223E+14
 0.10385548E+14
 0.10282932E+14
 0.10181341E+14
 0.10080749E+14
 0.99811418E+13
 0.98825490E+13
 0.97849146E+13
 0.96882259E+13
 0.95925023E+13
 0.94977107E+13
 0.94038487E+13
 0.93109054E+13
 0.92188634E+13
 0.91276712E+13
 0.90373223E+13
 0.89478360E+13
 0.88591560E+13
 0.87712993E+13
 0.86842546E+13
 0.85980168E+13
 0.85125778E+13
 0.84278968E+13
 0.83439611E+13
 0.82607861E+13
 0.81783611E+13
 0.80966766E+13
 0.80157504E+13
 0.79355927E+13
 0.78561865E+13
 0.77775390E+13
 0.76996582E+13
 0.76225485E+13
 0.75462065E+13
 0.74706314E+13
 0.73958140E+13
 0.73217478E+13
 0.72484180E+13
 0.71758078E+13
 0.71039181E+13
 0.70327380E+13
 0.69622612E+13
 0.68924968E+13
 0.68234146E+13
 0.67550384E+13
 0.66873476E+13
 0.66203440E+13
 0.65540164E+13
 0.64883571E+13
 0.64233666E+13
 0.63590343E+13
 0.62953410E+13
 0.62322915E+13
 0.61698877E+13
 0.61081070E+13
 0.60469642E+13
 0.59864357E+13
 0.59265166E+13
 0.58671992E+13
 0.58084781E+13
 0.57503434E+13
 0.56928023E+13
 0.56358499E+13
 0.55794978E+13
 0.55237202E+13
 0.54685192E+13
 0.54138875E+13
 0.53598068E+13
 0.53062721E+13
 0.52532656E+13
 0.52007905E+13
 0.51488228E+13
 0.50973862E+13
 0.50464596E+13
 0.49960461E+13
 0.49461426E+13
 0.48967420E+13
 0.48478346E+13
 0.47994276E+13
 0.47515052E+13
 0.47040752E+13
 0.46571226E+13
 0.46106627E+13
 0.45646772E+13
 0.45191700E+13
 0.44741429E+13
 0.44295756E+13
 0.43854737E+13
 0.43418310E+13
 0.42986442E+13
 0.42559038E+13
 0.42136157E+13
 0.41717803E+13
 0.41303946E+13
 0.40894434E+13
 0.40489345E+13
 0.40088563E+13
 0.39692018E+13
 0.39299717E+13
 0.38911617E+13
 0.38527540E+13
 0.38147563E+13
 0.37771548E+13
 0.37399467E+13
 0.37031204E+13
 0.36666784E+13
 0.36306122E+13
 0.35949231E+13
 0.35596083E+13
 0.35246712E+13
 0.34900960E+13
 0.34558855E+13
 0.34220335E+13
 0.33885339E+13
 0.33553805E+13
 0.33225701E+13
 0.32901040E+13
 0.32579771E+13
 0.32261918E+13
 0.31947335E+13
 0.31636072E+13
 0.31328030E+13
 0.31023148E+13
 0.30721464E+13
 0.30422922E+13
 0.30127505E+13
 0.29835179E+13
 0.29545904E+13
 0.29259671E+13
 0.28976378E+13
 0.28696044E+13
 0.28418616E+13
 0.28144043E+13
 0.27872273E+13
 0.27603317E+13
 0.27337126E+13
 0.27073697E+13
 0.26812976E+13
 0.26555010E+13
 0.26299768E+13
 0.26047166E+13
 0.25797224E+13
 0.25549881E+13
 0.25305131E+13
 0.25062908E+13
 0.24823204E+13
 0.24585989E+13
 0.24351207E+13
 0.24118850E+13
 0.23888835E+13
 0.23661186E+13
 0.23435854E+13
 0.23212818E+13
 0.22992045E+13
 0.22773509E+13
 0.22557180E+13
 0.22343029E+13
 0.22131026E+13
 0.21921140E+13
 0.21713355E+13
 0.21507671E+13
 0.21304068E+13
 0.21102536E+13
 0.20903070E+13
 0.20705602E+13
 0.20510140E+13
 0.20316658E+13
 0.20125094E+13
 0.19935466E+13
 0.19747729E+13
 0.19561886E+13
 0.19377894E+13
 0.19195738E+13
 0.19015396E+13
 0.18836850E+13
 0.18660076E+13
 0.18485047E+13
 0.18311741E+13
 0.18140134E+13
 0.17970201E+13
 0.17801925E+13
 0.17635293E+13
 0.17470290E+13
 0.17306904E+13
 0.17145114E+13
 0.16984904E+13
 0.16826259E+13
 0.16669158E+13
 0.16513584E+13
 0.16359525E+13
 0.16206974E+13
 0.16055917E+13
 0.15906338E+13
 0.15758222E+13
 0.15611548E+13
 0.15466306E+13
 0.15322479E+13
 0.15180054E+13
 0.15039010E+13
 0.14899336E+13
 0.14761009E+13
 0.14624014E+13
 0.14488330E+13
 0.14353942E+13
 0.14220836E+13
 0.14088999E+13
 0.13958416E+13
 0.13829077E+13
 0.13700968E+13
 0.13574079E+13
 0.13448396E+13
 0.13323907E+13
 0.13200599E+13
 0.13078461E+13
 0.12957483E+13
 0.12837660E+13
 0.12718979E+13
 0.12601429E+13
 0.12484998E+13
 0.12369675E+13
 0.12255447E+13
 0.12142304E+13
 0.12030232E+13
 0.11919220E+13
 0.11809256E+13
 0.11700329E+13
 0.11592429E+13
 0.11485546E+13
 0.11379669E+13
 0.11274789E+13
 0.11170891E+13
 0.11067966E+13
 0.10966003E+13
 0.10864991E+13
 0.10764925E+13
 0.10665795E+13
 0.10567592E+13
 0.10470308E+13
 0.10373932E+13
 0.10278457E+13
 0.10183872E+13
 0.10090171E+13
 0.99973430E+12
 0.99053807E+12
 0.98142753E+12
 0.97240189E+12
 0.96346030E+12
 0.95460194E+12
 0.94582607E+12
 0.93713195E+12
 0.92851878E+12
 0.91998577E+12
 0.91153215E+12
 0.90315714E+12
 0.89485991E+12
 0.88663967E+12
 0.87849560E+12
 0.87042690E+12
 0.86243285E+12
 0.85451278E+12
 0.84666597E+12
 0.83889176E+12
 0.83118946E+12
 0.82355838E+12
 0.81599787E+12
 0.80850725E+12
 0.80108584E+12
 0.79373301E+12
 0.78644809E+12
 0.77923043E+12
 0.77207939E+12
 0.76499436E+12
 0.75797470E+12
 0.75101977E+12
 0.74412895E+12
 0.73730162E+12
 0.73053713E+12
 0.72383487E+12
 0.71719427E+12
 0.71061475E+12
 0.70409574E+12
 0.69763669E+12
 0.69123704E+12
 0.68489622E+12
 0.67861371E+12
 0.67238894E+12
 0.66622139E+12
 0.66011051E+12
 0.65405578E+12
 0.64805666E+12
 0.64211263E+12
 0.63622317E+12
 0.63038776E+12
 0.62460592E+12
 0.61887714E+12
 0.61320095E+12
 0.60757684E+12
 0.60200436E+12
 0.59648301E+12
 0.59101232E+12
 0.58559184E+12
 0.58022108E+12
 0.57489960E+12
 0.56962694E+12
 0.56440265E+12
 0.55922629E+12
 0.55409742E+12
 0.54901561E+12
 0.54398041E+12
 0.53899140E+12
 0.53404817E+12
 0.52915028E+12
 0.52429732E+12
 0.51948888E+12
 0.51472455E+12
 0.51000393E+12
 0.50532661E+12
 0.50069220E+12
 0.49610031E+12
 0.49155053E+12
 0.48704249E+12
 0.48257581E+12
 0.47815010E+12
 0.47376499E+12
 0.46942010E+12
 0.46511507E+12
 0.46084953E+12
 0.45662312E+12
 0.45243548E+12
 0.44828625E+12
 0.44417508E+12
 0.44010162E+12
 0.43606553E+12
 0.43206646E+12
 0.42810407E+12
 0.42417803E+12
 0.42028800E+12
 0.41643366E+12
 0.41261467E+12
 0.40883071E+12
 0.40508145E+12
 0.40136659E+12
 0.39768580E+12
 0.39403878E+12
 0.39042521E+12
 0.38684478E+12
 0.38329719E+12
 0.37978215E+12
 0.37629934E+12
 0.37284848E+12
 0.36942928E+12
 0.36604143E+12
 0.36268466E+12
 0.35935868E+12
 0.35606320E+12
 0.35279795E+12
 0.34956266E+12
 0.34635703E+12
 0.34318081E+12
 0.34003372E+12
 0.33691549E+12
 0.33382587E+12
 0.33076458E+12
 0.32773137E+12
 0.32472598E+12
 0.32174816E+12
 0.31879765E+12
 0.31587420E+12
 0.31297756E+12
 0.31010749E+12
 0.30726375E+12
 0.30444608E+12
 0.30165426E+12
 0.29888805E+12
 0.29614720E+12
 0.29343150E+12
 0.29074070E+12
 0.28807458E+12
 0.28543291E+12
 0.28281547E+12
 0.28022204E+12
 0.27765239E+12
 0.27510631E+12
 0.27258358E+12
 0.27008399E+12
 0.26760732E+12
 0.26515336E+12
 0.26272192E+12
 0.26031277E+12
 0.25792572E+12
 0.25556056E+12
 0.25321709E+12
 0.25089511E+12
 0.24859443E+12
 0.24631485E+12
 0.24405617E+12
 0.24181821E+12
 0.23960078E+12
 0.23740368E+12
 0.23522673E+12
 0.23306974E+12
 0.23093254E+12
 0.22881494E+12
 0.22671676E+12
 0.22463782E+12
 0.22257794E+12
 0.22053696E+12
 0.21851469E+12
 0.21651098E+12
 0.21452563E+12
 0.21255850E+12
 0.21060940E+12
 0.20867818E+12
 0.20676467E+12
 0.20486871E+12
 0.20299013E+12
 0.20112879E+12
 0.19928451E+12
 0.19745715E+12
 0.19564654E+12
 0.19385254E+12
 0.19207500E+12
 0.19031375E+12
 0.18856865E+12
 0.18683956E+12
 0.18512633E+12
 0.18342880E+12
 0.18174685E+12
 0.18008032E+12
 0.17842907E+12
 0.17679296E+12
 0.17517186E+12
 0.17356562E+12
 0.17197412E+12
 0.17039721E+12
 0.16883476E+12
 0.16728663E+12
 0.16575271E+12
 0.16423285E+12
 0.16272693E+12
 0.16123482E+12
 0.15975639E+12
 0.15829152E+12
 0.15684009E+12
 0.15540196E+12
 0.15397702E+12
 0.15256515E+12
 0.15116623E+12
 0.14978013E+12
 0.14840675E+12
 0.14704595E+12
 0.14569764E+12
 0.14436169E+12
 0.14303800E+12
 0.14172644E+12
 0.14042691E+12
 0.13913929E+12
 0.13786349E+12
 0.13659938E+12
 0.13534686E+12
 0.13410583E+12
 0.13287618E+12
 0.13165781E+12
 0.13045061E+12
 0.12925448E+12
 0.12806932E+12
 0.12689502E+12
 0.12573149E+12
 0.12457864E+12
 0.12343635E+12
 0.12230454E+12
 0.12118311E+12
 0.12007196E+12
 0.11897100E+12
 0.11788014E+12
 0.11679928E+12
 0.11572833E+12
 0.11466720E+12
 0.11361580E+12
 0.11257404E+12
 0.11154184E+12
 0.11051910E+12
 0.10950574E+12
 0.10850167E+12
 0.10750681E+12
 0.10652107E+12
 0.10554437E+12
 0.10457663E+12
 0.10361776E+12
 0.10266768E+12
 0.10172631E+12
 0.10079358E+12
 0.99869398E+11
 0.98953692E+11
 0.98046383E+11
 0.97147393E+11
 0.96256647E+11
 0.95374069E+11
 0.94499583E+11
 0.93633116E+11
 0.92774595E+11
 0.91923945E+11
 0.91081096E+11
 0.90245976E+11
 0.89418513E+11
 0.88598637E+11
 0.87786280E+11
 0.86981371E+11
 0.86183843E+11
 0.85393628E+11
 0.84610659E+11
 0.83834869E+11
 0.83066193E+11
 0.82304566E+11
 0.81549922E+11
 0.80802197E+11
 0.80061329E+11
 0.79327255E+11
 0.78599911E+11
 0.77879237E+11
 0.77165170E+11
 0.76457652E+11
 0.75756621E+11
 0.75062018E+11
 0.74373784E+11
 0.73691861E+11
 0.73016190E+11
 0.72346715E+11
 0.71683379E+11
 0.71026125E+11
 0.70374898E+11
 0.69729642E+11
 0.69090303E+11
 0.68456825E+11
 0.67829157E+11
 0.67207244E+11
 0.66591033E+11
 0.65980472E+11
 0.65375510E+11
 0.64776095E+11
 0.64182176E+11
 0.63593703E+11
 0.63010626E+11
 0.62432895E+11
 0.61860462E+11
 0.61293277E+11
 0.60731293E+11
 0.60174462E+11
 0.59622736E+11
 0.59076070E+11
 0.58534416E+11
 0.57997728E+11
 0.57465962E+11
 0.56939071E+11
 0.56417012E+11
 0.55899739E+11
 0.55387209E+11
 0.54879379E+11
 0.54376205E+11
 0.53877645E+11
 0.53383656E+11
 0.52894197E+11
 0.52409225E+11
 0.51928701E+11
 0.51452582E+11
 0.50980829E+11
 0.50513401E+11
 0.50050259E+11
 0.49591364E+11
 0.49136677E+11
 0.48686158E+11
 0.48239771E+11
 0.47797476E+11
 0.47359237E+11
 0.46925016E+11
 0.46494776E+11
 0.46068482E+11
 0.45646096E+11
 0.45227583E+11
 0.44812907E+11
 0.44402033E+11
 0.43994927E+11
 0.43591553E+11
 0.43191878E+11
 0.42795868E+11
 0.42403488E+11
 0.42014707E+11
 0.41629490E+11
 0.41247805E+11
 0.40869620E+11
 0.40494902E+11
 0.40123620E+11
 0.39755742E+11
 0.39391238E+11
 0.39030075E+11
 0.38672224E+11
 0.38317654E+11
 0.37966335E+11
 0.37618238E+11
 0.37273332E+11
 0.36931588E+11
 0.36592978E+11
 0.36257473E+11
 0.35925043E+11
 0.35595662E+11
 0.35269301E+11
 0.34945932E+11
 0.34625528E+11
 0.34308062E+11
 0.33993506E+11
 0.33681835E+11
 0.33373022E+11
 0.33067039E+11
 0.32763863E+11
 0.32463466E+11
 0.32165823E+11
 0.31870910E+11
 0.31578700E+11
 0.31289170E+11
 0.31002294E+11
 0.30718049E+11
 0.30436410E+11
 0.30157353E+11
 0.29880855E+11
 0.29606892E+11
 0.29335440E+11
 0.29066478E+11
 0.28799982E+11
 0.28535929E+11
 0.28274297E+11
 0.28015064E+11
 0.27758208E+11
 0.27503707E+11
 0.27251540E+11
 0.27001684E+11
 0.26754120E+11
 0.26508825E+11
 0.26265779E+11
 0.26024962E+11
 0.25786352E+11
 0.25549931E+11
 0.25315677E+11
 0.25083571E+11
 0.24853593E+11
 0.24625723E+11
 0.24399943E+11
 0.24176233E+11
 0.23954575E+11
 0.23734948E+11
 0.23517335E+11
 0.23301717E+11
 0.23088077E+11
 0.22876395E+11
 0.22666654E+11
 0.22458836E+11
 0.22252923E+11
 0.22048899E+11
 0.21846745E+11
 0.21646444E+11
 0.21447980E+11
 0.21251336E+11
 0.21056494E+11
 0.20863439E+11
 0.20672154E+11
 0.20482623E+11
 0.20294830E+11
 0.20108758E+11
 0.19924393E+11
 0.19741718E+11
 0.19560717E+11
 0.19381377E+11
 0.19203680E+11
 0.19027613E+11
 0.18853160E+11
 0.18680307E+11
 0.18509038E+11
 0.18339340E+11
 0.18171197E+11
 0.18004596E+11
 0.17839523E+11
 0.17675963E+11
 0.17513903E+11
 0.17353329E+11
 0.17194227E+11
 0.17036583E+11
 0.16880385E+11
 0.16725620E+11
 0.16572273E+11
 0.16420332E+11
 0.16269784E+11
 0.16120616E+11
 0.15972817E+11
 0.15826372E+11
 0.15681270E+11
 0.15537498E+11
 0.15395045E+11
 0.15253897E+11
 0.15114044E+11
 0.14975473E+11
 0.14838172E+11
 0.14702130E+11
 0.14567336E+11
 0.14433778E+11
 0.14301444E+11
 0.14170323E+11
 0.14040404E+11
 0.13911677E+11
 0.13784130E+11
 0.13657752E+11
 0.13532533E+11
 0.13408462E+11
 0.13285529E+11
 0.13163723E+11
 0.13043033E+11
 0.12923450E+11
 0.12804964E+11
 0.12687563E+11
 0.12571239E+11
 0.12455982E+11
 0.12341782E+11
 0.12228628E+11
 0.12116512E+11
 0.12005424E+11
 0.11895354E+11
 0.11786294E+11
 0.11678233E+11
 0.11571163E+11
 0.11465075E+11
 0.11359960E+11
 0.11255808E+11
 0.11152611E+11
 0.11050361E+11
 0.10949047E+11
 0.10848663E+11
 0.10749199E+11
 0.10650647E+11
 0.10552999E+11
 0.10456246E+11
 0.10360380E+11
 0.10265393E+11
 0.10171276E+11
 0.10078023E+11
 0.99856246E+10
 0.98940734E+10
 0.98033616E+10
 0.97134815E+10
 0.96244254E+10
 0.95361858E+10
 0.94487553E+10
 0.93621263E+10
 0.92762916E+10
 0.91912439E+10
 0.91069759E+10
 0.90234806E+10
 0.89407507E+10
 0.88587794E+10
 0.87775596E+10
 0.86970844E+10
 0.86173471E+10
 0.85383409E+10
 0.84600590E+10
 0.83824948E+10
 0.83056418E+10
 0.82294934E+10
 0.81540431E+10
 0.80792846E+10
 0.80052116E+10
 0.79318176E+10
 0.78590966E+10
 0.77870423E+10
 0.77156486E+10
 0.76449094E+10
 0.75748189E+10
 0.75053709E+10
 0.74365597E+10
 0.73683794E+10
 0.73008242E+10
 0.72338883E+10
 0.71675662E+10
 0.71018521E+10
 0.70367405E+10
 0.69722258E+10
 0.69083027E+10
 0.68449656E+10
 0.67822092E+10
 0.67200282E+10
 0.66584173E+10
 0.65973713E+10
 0.65368849E+10
 0.64769532E+10
 0.64175709E+10
 0.63587330E+10
 0.63004346E+10
 0.62426706E+10
 0.61854363E+10
 0.61287267E+10
 0.60725371E+10
 0.60168626E+10
 0.59616986E+10
 0.59070403E+10
 0.58528832E+10
 0.57992225E+10
 0.57460539E+10
 0.56933727E+10
 0.56411746E+10
 0.55894550E+10
 0.55382095E+10
 0.54874340E+10
 0.54371239E+10
 0.53872751E+10
 0.53378833E+10
 0.52889444E+10
 0.52404542E+10
 0.51924085E+10
 0.51448033E+10
 0.50976346E+10
 0.50508984E+10
 0.50045906E+10
 0.49587074E+10
 0.49132449E+10
 0.48681992E+10
 0.48235665E+10
 0.47793429E+10
 0.47355249E+10
 0.46921086E+10
 0.46490903E+10
 0.46064664E+10
 0.45642334E+10
 0.45223875E+10
 0.44809253E+10
 0.44398432E+10
 0.43991378E+10
 0.43588056E+10
 0.43188431E+10
 0.42792471E+10
 0.42400141E+10
 0.42011407E+10
 0.41626238E+10
 0.41244600E+10
 0.40866461E+10
 0.40491789E+10
 0.40120552E+10
 0.39752719E+10
 0.39388258E+10
 0.39027138E+10
 0.38669330E+10
 0.38314802E+10
 0.37963524E+10
 0.37615467E+10
 0.37270601E+10
 0.36928896E+10
 0.36590325E+10
 0.36254858E+10
 0.35922466E+10
 0.35593122E+10
 0.35266797E+10
 0.34943465E+10
 0.34623096E+10
 0.34305665E+10
 0.33991144E+10
 0.33679507E+10
 0.33370727E+10
 0.33064778E+10
 0.32761634E+10
 0.32461269E+10
 0.32163658E+10
 0.31868775E+10
 0.31576597E+10
 0.31287097E+10
 0.31000251E+10
 0.30716035E+10
 0.30434424E+10
 0.30155396E+10
 0.29878926E+10
 0.29604991E+10
 0.29333567E+10
 0.29064631E+10
 0.28798161E+10
 0.28534135E+10
 0.28272529E+10
 0.28013321E+10
 0.27756490E+10
 0.27502014E+10
 0.27249870E+10
 0.27000039E+10
 0.26752498E+10
 0.26507226E+10
 0.26264203E+10
 0.26023409E+10
 0.25784822E+10
 0.25548422E+10
 0.25314190E+10
 0.25082105E+10
 0.24852148E+10
 0.24624299E+10
 0.24398539E+10
 0.24174849E+10
 0.23953210E+10
 0.23733603E+10
 0.23516010E+10
 0.23300411E+10
 0.23086789E+10
 0.22875125E+10
 0.22665403E+10
 0.22457602E+10
 0.22251707E+10
 0.22047700E+10
 0.21845563E+10
 0.21645280E+10
 0.21446832E+10
 0.21250204E+10
 0.21055379E+10
 0.20862340E+10
 0.20671071E+10
 0.20481555E+10
 0.20293777E+10
 0.20107720E+10
 0.19923370E+10
 0.19740709E+10
 0.19559723E+10
 0.19380397E+10
 0.19202714E+10
 0.19026661E+10
 0.18852221E+10
 0.18679381E+10
 0.18508126E+10
 0.18338440E+10
 0.18170311E+10
 0.18003723E+10
 0.17838662E+10
 0.17675114E+10
 0.17513066E+10
 0.17352504E+10
 0.17193413E+10
 0.17035782E+10
 0.16879595E+10
 0.16724840E+10
 0.16571505E+10
 0.16419575E+10
 0.16269037E+10
 0.16119881E+10
 0.15972091E+10
