# ea gauss         2500 trunk (rev 1412)                                            
 0.10937802E+15
 0.10990308E+15
 0.11043187E+15
 0.11096440E+15
 0.11150072E+15
 0.11204086E+15
 0.11258483E+15
 0.11313268E+15
 0.11368443E+15
 0.11424012E+15
 0.11479978E+15
 0.11536343E+15
 0.11593112E+15
 0.11650286E+15
 0.11707871E+15
 0.11765868E+15
 0.11824281E+15
 0.11883114E+15
 0.11942369E+15
 0.12002051E+15
 0.12062163E+15
 0.12122707E+15
 0.12183689E+15
 0.12245110E+15
 0.12306975E+15
 0.12369288E+15
 0.12432051E+15
 0.12495269E+15
 0.12558945E+15
 0.12623083E+15
 0.12687687E+15
 0.12752760E+15
 0.12818307E+15
 0.12884331E+15
 0.12950835E+15
 0.13017825E+15
 0.13085304E+15
 0.13153275E+15
 0.13221743E+15
 0.13290712E+15
 0.13360187E+15
 0.13430170E+15
 0.13500667E+15
 0.13571681E+15
 0.13643217E+15
 0.13715279E+15
 0.13787871E+15
 0.13860999E+15
 0.13934665E+15
 0.14008875E+15
 0.14083633E+15
 0.14158943E+15
 0.14234811E+15
 0.14311240E+15
 0.14388236E+15
 0.14465802E+15
 0.14543945E+15
 0.14622668E+15
 0.14701976E+15
 0.14781874E+15
 0.14862368E+15
 0.14943461E+15
 0.15025160E+15
 0.15107468E+15
 0.15190392E+15
 0.15273936E+15
 0.15358105E+15
 0.15442905E+15
 0.15528341E+15
 0.15614418E+15
 0.15701141E+15
 0.15788517E+15
 0.15876550E+15
 0.15965246E+15
 0.16054610E+15
 0.16144649E+15
 0.16235367E+15
 0.16326771E+15
 0.16418866E+15
 0.16511659E+15
 0.16605154E+15
 0.16699358E+15
 0.16794277E+15
 0.16889917E+15
 0.16986284E+15
 0.17083384E+15
 0.17181224E+15
 0.17279809E+15
 0.17379146E+15
 0.17479242E+15
 0.17580102E+15
 0.17681734E+15
 0.17784143E+15
 0.17887337E+15
 0.17991323E+15
 0.18096106E+15
 0.18201694E+15
 0.18308093E+15
 0.18415312E+15
 0.18523355E+15
 0.18632232E+15
 0.18741948E+15
 0.18852511E+15
 0.18963929E+15
 0.19076208E+15
 0.19189356E+15
 0.19303381E+15
 0.19418290E+15
 0.19534090E+15
 0.19650790E+15
 0.19768397E+15
 0.19886919E+15
 0.20006364E+15
 0.20126740E+15
 0.20248055E+15
 0.20370317E+15
 0.20493535E+15
 0.20617716E+15
 0.20742869E+15
 0.20869003E+15
 0.20996125E+15
 0.21124246E+15
 0.21253373E+15
 0.21383515E+15
 0.21514681E+15
 0.21646880E+15
 0.21780121E+15
 0.21914413E+15
 0.22049766E+15
 0.22186189E+15
 0.22323691E+15
 0.22462281E+15
 0.22601970E+15
 0.22742767E+15
 0.22884681E+15
 0.23027723E+15
 0.23171902E+15
 0.23317229E+15
 0.23463714E+15
 0.23611367E+15
 0.23760198E+15
 0.23910218E+15
 0.24061438E+15
 0.24213867E+15
 0.24367518E+15
 0.24522400E+15
 0.24678525E+15
 0.24835904E+15
 0.24994548E+15
 0.25154468E+15
 0.25315676E+15
 0.25478183E+15
 0.25642002E+15
 0.25807143E+15
 0.25973619E+15
 0.26141441E+15
 0.26310622E+15
 0.26481175E+15
 0.26653111E+15
 0.26826442E+15
 0.27001183E+15
 0.27177344E+15
 0.27354940E+15
 0.27533983E+15
 0.27714487E+15
 0.27896464E+15
 0.28079928E+15
 0.28264892E+15
 0.28451371E+15
 0.28639378E+15
 0.28828927E+15
 0.29020032E+15
 0.29212708E+15
 0.29406968E+15
 0.29602828E+15
 0.29800301E+15
 0.29999404E+15
 0.30200150E+15
 0.30402556E+15
 0.30606635E+15
 0.30812405E+15
 0.31019880E+15
 0.31229075E+15
 0.31440009E+15
 0.31652695E+15
 0.31867151E+15
 0.32083393E+15
 0.32301437E+15
 0.32521301E+15
 0.32743001E+15
 0.32966554E+15
 0.33191979E+15
 0.33419292E+15
 0.33648510E+15
 0.33879653E+15
 0.34112738E+15
 0.34347783E+15
 0.34584806E+15
 0.34823828E+15
 0.35064865E+15
 0.35307937E+15
 0.35553064E+15
 0.35800265E+15
 0.36049560E+15
 0.36300968E+15
 0.36554510E+15
 0.36810206E+15
 0.37068076E+15
 0.37328141E+15
 0.37590423E+15
 0.37854942E+15
 0.38121720E+15
 0.38390778E+15
 0.38662139E+15
 0.38935824E+15
 0.39211857E+15
 0.39490258E+15
 0.39771053E+15
 0.40054262E+15
 0.40339911E+15
 0.40628023E+15
 0.40918620E+15
 0.41211729E+15
 0.41507373E+15
 0.41805576E+15
 0.42106365E+15
 0.42409763E+15
 0.42715797E+15
 0.43024493E+15
 0.43335876E+15
 0.43649973E+15
 0.43966811E+15
 0.44286417E+15
 0.44608817E+15
 0.44934041E+15
 0.45262115E+15
 0.45593068E+15
 0.45926929E+15
 0.46263726E+15
 0.46603489E+15
 0.46946248E+15
 0.47292031E+15
 0.47640871E+15
 0.47992796E+15
 0.48347839E+15
 0.48706030E+15
 0.49067401E+15
 0.49431985E+15
 0.49799813E+15
 0.50170919E+15
 0.50545336E+15
 0.50923098E+15
 0.51304238E+15
 0.51688791E+15
 0.52076792E+15
 0.52468275E+15
 0.52863278E+15
 0.53261835E+15
 0.53663984E+15
 0.54069761E+15
 0.54479203E+15
 0.54892350E+15
 0.55309238E+15
 0.55729907E+15
 0.56154396E+15
 0.56582744E+15
 0.57014993E+15
 0.57451182E+15
 0.57891354E+15
 0.58335549E+15
 0.58783810E+15
 0.59236179E+15
 0.59692701E+15
 0.60153419E+15
 0.60618377E+15
 0.61087620E+15
 0.61561195E+15
 0.62039146E+15
 0.62521521E+15
 0.63008367E+15
 0.63499731E+15
 0.63995663E+15
 0.64496212E+15
 0.65001427E+15
 0.65511358E+15
 0.66026057E+15
 0.66545575E+15
 0.67069966E+15
 0.67599281E+15
 0.68133575E+15
 0.68672901E+15
 0.69217317E+15
 0.69766876E+15
 0.70321636E+15
 0.70881655E+15
 0.71446990E+15
 0.72017700E+15
 0.72593846E+15
 0.73175488E+15
 0.73762686E+15
 0.74355504E+15
 0.74954004E+15
 0.75558251E+15
 0.76168309E+15
 0.76784243E+15
 0.77406121E+15
 0.78034010E+15
 0.78667979E+15
 0.79308096E+15
 0.79954432E+15
 0.80607058E+15
 0.81266048E+15
 0.81931474E+15
 0.82603410E+15
 0.83281933E+15
 0.83967119E+15
 0.84659045E+15
 0.85357790E+15
 0.86063435E+15
 0.86776060E+15
 0.87495747E+15
 0.88222581E+15
 0.88956645E+15
 0.89698027E+15
 0.90446812E+15
 0.91203089E+15
 0.91966949E+15
 0.92738483E+15
 0.93517782E+15
 0.94304942E+15
 0.95100057E+15
 0.95903225E+15
 0.96714543E+15
 0.97534111E+15
 0.98362032E+15
 0.99198407E+15
 0.10004334E+16
 0.10089694E+16
 0.10175931E+16
 0.10263057E+16
 0.10351082E+16
 0.10440018E+16
 0.10529876E+16
 0.10620667E+16
 0.10712405E+16
 0.10805100E+16
 0.10898765E+16
 0.10993413E+16
 0.11089056E+16
 0.11185706E+16
 0.11283378E+16
 0.11382084E+16
 0.11481838E+16
 0.11582653E+16
 0.11684544E+16
 0.11787524E+16
 0.11891609E+16
 0.11996813E+16
 0.12103150E+16
 0.12210636E+16
 0.12319287E+16
 0.12429118E+16
 0.12540145E+16
 0.12652384E+16
 0.12765853E+16
 0.12880567E+16
 0.12996545E+16
 0.13113803E+16
 0.13232359E+16
 0.13352232E+16
 0.13473440E+16
 0.13596002E+16
 0.13719937E+16
 0.13845264E+16
 0.13972003E+16
 0.14100175E+16
 0.14229800E+16
 0.14360899E+16
 0.14493494E+16
 0.14627606E+16
 0.14763258E+16
 0.14900472E+16
 0.15039271E+16
 0.15179679E+16
 0.15321721E+16
 0.15465419E+16
 0.15610801E+16
 0.15757890E+16
 0.15906713E+16
 0.16057297E+16
 0.16209669E+16
 0.16363856E+16
 0.16519887E+16
 0.16677790E+16
 0.16837594E+16
 0.16999331E+16
 0.17163030E+16
 0.17328723E+16
 0.17496442E+16
 0.17666219E+16
 0.17838088E+16
 0.18012084E+16
 0.18188240E+16
 0.18366593E+16
 0.18547179E+16
 0.18730035E+16
 0.18915200E+16
 0.19102712E+16
 0.19292612E+16
 0.19484940E+16
 0.19679738E+16
 0.19877049E+16
 0.20076916E+16
 0.20279384E+16
 0.20484499E+16
 0.20692309E+16
 0.20902860E+16
 0.21116203E+16
 0.21332388E+16
 0.21551467E+16
 0.21773492E+16
 0.21998518E+16
 0.22226601E+16
 0.22457798E+16
 0.22692167E+16
 0.22929769E+16
 0.23170665E+16
 0.23414919E+16
 0.23662595E+16
 0.23913761E+16
 0.24168485E+16
 0.24426838E+16
 0.24688890E+16
 0.24954718E+16
 0.25224397E+16
 0.25498006E+16
 0.25775625E+16
 0.26057338E+16
 0.26343230E+16
 0.26633388E+16
 0.26927903E+16
 0.27226868E+16
 0.27530379E+16
 0.27838535E+16
 0.28151436E+16
 0.28469189E+16
 0.28791900E+16
 0.29119680E+16
 0.29452646E+16
 0.29790914E+16
 0.30134607E+16
 0.30483851E+16
 0.30838776E+16
 0.31199515E+16
 0.31566208E+16
 0.31938997E+16
 0.32318032E+16
 0.32703463E+16
 0.33095451E+16
 0.33494157E+16
 0.33899752E+16
 0.34312411E+16
 0.34732314E+16
 0.35159650E+16
 0.35594613E+16
 0.36037405E+16
 0.36488234E+16
 0.36947318E+16
 0.37414880E+16
 0.37891155E+16
 0.38376384E+16
 0.38870818E+16
 0.39374720E+16
 0.39888360E+16
 0.40412021E+16
 0.40945996E+16
 0.41490590E+16
 0.42046121E+16
 0.42612921E+16
 0.43191334E+16
 0.43781719E+16
 0.44384452E+16
 0.44999922E+16
 0.45628538E+16
 0.46270725E+16
 0.46926928E+16
 0.47597612E+16
 0.48283263E+16
 0.48984389E+16
 0.49701521E+16
 0.50435217E+16
 0.51186060E+16
 0.51954662E+16
 0.52741663E+16
 0.53547736E+16
 0.54373589E+16
 0.55219963E+16
 0.56087638E+16
 0.56977433E+16
 0.57890213E+16
 0.58826886E+16
 0.59788410E+16
 0.60775794E+16
 0.61790103E+16
 0.62832461E+16
 0.63904057E+16
 0.65006145E+16
 0.66140054E+16
 0.67307190E+16
 0.68509042E+16
 0.69747190E+16
 0.71023308E+16
 0.72339177E+16
 0.73696686E+16
 0.75097848E+16
 0.76544801E+16
 0.78039828E+16
 0.79585359E+16
 0.81183990E+16
 0.82838493E+16
 0.84551834E+16
 0.86327184E+16
 0.88167945E+16
 0.90077761E+16
 0.92060547E+16
 0.94120510E+16
 0.96262175E+16
 0.98490418E+16
 0.10081049E+17
 0.10322808E+17
 0.10574931E+17
 0.10838083E+17
 0.11112983E+17
 0.11400411E+17
 0.11701216E+17
 0.12016321E+17
 0.12346732E+17
 0.12693545E+17
 0.13057961E+17
 0.13441291E+17
 0.13844974E+17
 0.14270590E+17
 0.14719876E+17
 0.15194747E+17
 0.15697314E+17
 0.16229912E+17
 0.16795129E+17
 0.17395833E+17
 0.18035216E+17
 0.18716832E+17
 0.19444646E+17
 0.20223096E+17
 0.21057150E+17
 0.21952390E+17
 0.22915093E+17
 0.23952336E+17
 0.25072109E+17
 0.26283452E+17
 0.27596612E+17
 0.29023212E+17
 0.30576465E+17
 0.32271391E+17
 0.34125077E+17
 0.36156953E+17
 0.38389081E+17
 0.40846444E+17
 0.43557208E+17
 0.46552899E+17
 0.49868412E+17
 0.53541730E+17
 0.57613103E+17
 0.62123451E+17
 0.67111414E+17
 0.72608514E+17
 0.78631619E+17
 0.85172024E+17
 0.92180792E+17
 0.99553341E+17
 0.10711560E+18
 0.11462557E+18
 0.12180293E+18
 0.12838966E+18
 0.13421776E+18
 0.13921420E+18
 0.14336932E+18
 0.14668384E+18
 0.14915940E+18
 0.15079792E+18
 0.15132204E+18
 0.15156405E+18
 0.15070592E+18
 0.14901212E+18
 0.14648997E+18
 0.14314118E+18
 0.13896767E+18
 0.13397336E+18
 0.12817999E+18
 0.12168557E+18
 0.11468462E+18
 0.10744581E+18
 0.10024146E+18
 0.93293999E+17
 0.86756660E+17
 0.80715656E+17
 0.75206394E+17
 0.70228575E+17
 0.65759918E+17
 0.61766077E+17
 0.58207327E+17
 0.55042789E+17
 0.52232940E+17
 0.49740919E+17
 0.47533175E+17
 0.45579628E+17
 0.43853602E+17
 0.42331607E+17
 0.40993065E+17
 0.39820021E+17
 0.38796850E+17
 0.37909991E+17
 0.37147704E+17
 0.36499856E+17
 0.35957729E+17
 0.35513859E+17
 0.35161893E+17
 0.34896475E+17
 0.34713142E+17
 0.34608240E+17
 0.34578859E+17
 0.34622775E+17
 0.34738407E+17
 0.34924789E+17
 0.35181541E+17
 0.35508866E+17
 0.35907541E+17
 0.36378926E+17
 0.36924983E+17
 0.37548299E+17
 0.38252125E+17
 0.39040420E+17
 0.39917919E+17
 0.40890195E+17
 0.41963757E+17
 0.43146149E+17
 0.44446073E+17
 0.45873532E+17
 0.47439996E+17
 0.49158584E+17
 0.51044278E+17
 0.53114149E+17
 0.55387608E+17
 0.57886655E+17
 0.60636122E+17
 0.63663878E+17
 0.67000954E+17
 0.70681536E+17
 0.74742777E+17
 0.79224327E+17
 0.84167494E+17
 0.89613938E+17
 0.95603186E+17
 0.10216814E+18
 0.10932682E+18
 0.11707037E+18
 0.12534711E+18
 0.13404665E+18
 0.14298591E+18
 0.15184643E+18
 0.16053381E+18
 0.16858670E+18
 0.17590161E+18
 0.18240941E+18
 0.18810827E+18
 0.19300826E+18
 0.19712160E+18
 0.20046252E+18
 0.20295637E+18
 0.20488787E+18
 0.20602585E+18
 0.20646660E+18
 0.20624290E+18
 0.20538244E+18
 0.20391564E+18
 0.20187727E+18
 0.19932049E+18
 0.19637610E+18
 0.19327770E+18
 0.19034604E+18
 0.18791594E+18
 0.18627633E+18
 0.18564184E+18
 0.18615029E+18
 0.18787473E+18
 0.19083678E+18
 0.19502107E+18
 0.20038872E+18
 0.20686191E+18
 0.21432848E+18
 0.22261272E+18
 0.23144222E+18
 0.24045838E+18
 0.24924338E+18
 0.23749566E+18
 0.26458496E+18
 0.27066934E+18
 0.27558660E+18
 0.27931724E+18
 0.28184929E+18
 0.28317295E+18
 0.28329112E+18
 0.30750838E+18
 0.27985675E+18
 0.27635419E+18
 0.27170582E+18
 0.26594035E+18
 0.25908299E+18
 0.25115108E+18
 0.24216204E+18
 0.23217483E+18
 0.22135935E+18
 0.21001822E+18
 0.19852778E+18
 0.18725110E+18
 0.17647749E+18
 0.16640557E+18
 0.15731262E+18
 0.14869510E+18
 0.14108340E+18
 0.13424511E+18
 0.12811256E+18
 0.12261185E+18
 0.11767173E+18
 0.11322817E+18
 0.10922460E+18
 0.10561047E+18
 0.10234071E+18
 0.99375589E+17
 0.96680308E+17
 0.94224360E+17
 0.93078728E+17
 0.89926707E+17
 0.88037181E+17
 0.86297510E+17
 0.84689631E+17
 0.83198879E+17
 0.81812379E+17
 0.80518903E+17
 0.79309039E+17
 0.78176532E+17
 0.77120723E+17
 0.76147728E+17
 0.75268732E+17
 0.74496709E+17
 0.73843530E+17
 0.73318441E+17
 0.72927763E+17
 0.72675290E+17
 0.72563020E+17
 0.72591888E+17
 0.72762414E+17
 0.73075216E+17
 0.73531399E+17
 0.74132844E+17
 0.74882408E+17
 0.75784066E+17
 0.76842989E+17
 0.78065559E+17
 0.79459297E+17
 0.81032660E+17
 0.82794667E+17
 0.84754223E+17
 0.86919045E+17
 0.89294007E+17
 0.91878759E+17
 0.94664458E+17
 0.97630234E+17
 0.10073904E+18
 0.10393650E+18
 0.10715379E+18
 0.11031874E+18
 0.11337187E+18
 0.11628086E+18
 0.11903456E+18
 0.12163481E+18
 0.12408484E+18
 0.12638829E+18
 0.12854908E+18
 0.13057158E+18
 0.13245871E+18
 0.13421954E+18
 0.13585527E+18
 0.13737301E+18
 0.13877874E+18
 0.14007893E+18
 0.14128084E+18
 0.14239484E+18
 0.14344779E+18
 0.14448952E+18
 0.14559288E+18
 0.14683828E+18
 0.14829910E+18
 0.15003364E+18
 0.15208415E+18
 0.15447893E+18
 0.15723661E+18
 0.16036950E+18
 0.16388664E+18
 0.16779597E+18
 0.17210585E+18
 0.17682614E+18
 0.18196885E+18
 0.18754871E+18
 0.19358342E+18
 0.20009403E+18
 0.20710512E+18
 0.21464509E+18
 0.22274639E+18
 0.23144587E+18
 0.24078505E+18
 0.25081055E+18
 0.26157447E+18
 0.27313488E+18
 0.28555632E+18
 0.29891031E+18
 0.31327593E+18
 0.32874036E+18
 0.34539937E+18
 0.36335782E+18
 0.38272998E+18
 0.40363970E+18
 0.42622066E+18
 0.45061637E+18
 0.47698066E+18
 0.50547854E+18
 0.53628818E+18
 0.56960339E+18
 0.60563573E+18
 0.64461327E+18
 0.68677357E+18
 0.73235086E+18
 0.78155836E+18
 0.83456554E+18
 0.89146749E+18
 0.95224426E+18
 0.10168658E+19
 0.10844509E+19
 0.11547702E+19
 0.12266371E+19
 0.12986900E+19
 0.13693138E+19
 0.14368223E+19
 0.14997253E+19
 0.15569741E+19
 0.16080334E+19
 0.16527426E+19
 0.16911015E+19
 0.17231403E+19
 0.17488802E+19
 0.17683231E+19
 0.17814484E+19
 0.17891070E+19
 0.17894628E+19
 0.17824961E+19
 0.17699445E+19
 0.17509339E+19
 0.17254952E+19
 0.16936689E+19
 0.16554978E+19
 0.16110311E+19
 0.15603626E+19
 0.15037582E+19
 0.14418411E+19
 0.13732424E+19
 0.13067899E+19
 0.12366419E+19
 0.11667442E+19
 0.10982989E+19
 0.10322050E+19
 0.96906057E+18
 0.90920799E+18
 0.85279074E+18
 0.79981135E+18
 0.75018685E+18
 0.70379456E+18
 0.66049988E+18
 0.62016546E+18
 0.58265074E+18
 0.54780921E+18
 0.51548766E+18
 0.48552780E+18
 0.45776925E+18
 0.43205293E+18
 0.40822403E+18
 0.38613438E+18
 0.36564398E+18
 0.34662195E+18
 0.32894691E+18
 0.31250701E+18
 0.29719960E+18
 0.28293084E+18
 0.26961514E+18
 0.25717453E+18
 0.24553808E+18
 0.23464129E+18
 0.22442551E+18
 0.21483741E+18
 0.20582846E+18
 0.19735449E+18
 0.18937525E+18
 0.18185407E+18
 0.17475744E+18
 0.16805479E+18
 0.16171814E+18
 0.15572187E+18
 0.15004253E+18
 0.14465857E+18
 0.13955022E+18
 0.13469929E+18
 0.13008904E+18
 0.12570403E+18
 0.12153004E+18
 0.11755392E+18
 0.11376350E+18
 0.11014755E+18
 0.10669564E+18
 0.10339810E+18
 0.10024596E+18
 0.97230877E+17
 0.94345100E+17
 0.91581407E+17
 0.88933067E+17
 0.86393804E+17
 0.83957760E+17
 0.81619459E+17
 0.79373782E+17
 0.77215939E+17
 0.75141440E+17
 0.73146081E+17
 0.71225912E+17
 0.69377231E+17
 0.67596554E+17
 0.65880610E+17
 0.64226318E+17
 0.62630778E+17
 0.61091258E+17
 0.59605182E+17
 0.58170120E+17
 0.56783777E+17
 0.55443986E+17
 0.54148699E+17
 0.52895976E+17
 0.51683985E+17
 0.50510989E+17
 0.49375342E+17
 0.48275486E+17
 0.47209939E+17
 0.46177300E+17
 0.45176234E+17
 0.44205475E+17
 0.43263819E+17
 0.42350121E+17
 0.41463293E+17
 0.40602297E+17
 0.39766147E+17
 0.38953901E+17
 0.38164662E+17
 0.37397577E+17
 0.36651828E+17
 0.35926637E+17
 0.35221261E+17
 0.34534989E+17
 0.33867143E+17
 0.33217074E+17
 0.32584160E+17
 0.31967809E+17
 0.31367451E+17
 0.30782544E+17
 0.30212564E+17
 0.29657013E+17
 0.29115413E+17
 0.28587303E+17
 0.28072244E+17
 0.27569813E+17
 0.27079604E+17
 0.26601228E+17
 0.26134311E+17
 0.25678494E+17
 0.25233430E+17
 0.24798789E+17
 0.24374250E+17
 0.23959506E+17
 0.23554262E+17
 0.23158233E+17
 0.22771146E+17
 0.22392736E+17
 0.22022748E+17
 0.21660939E+17
 0.21307072E+17
 0.20960920E+17
 0.20622262E+17
 0.20290887E+17
 0.19966591E+17
 0.19649176E+17
 0.19338453E+17
 0.19034236E+17
 0.18736350E+17
 0.18444621E+17
 0.18158885E+17
 0.17878980E+17
 0.17604753E+17
 0.17336054E+17
 0.17072736E+17
 0.16814662E+17
 0.16561693E+17
 0.16313701E+17
 0.16070557E+17
 0.15832138E+17
 0.15598325E+17
 0.15369003E+17
 0.15144061E+17
 0.14923389E+17
 0.14706882E+17
 0.14494440E+17
 0.14285962E+17
 0.14081354E+17
 0.13880523E+17
 0.13683378E+17
 0.13489832E+17
 0.13299800E+17
 0.13113201E+17
 0.12929953E+17
 0.12749980E+17
 0.12573205E+17
 0.12399557E+17
 0.12228963E+17
 0.12061354E+17
 0.11896664E+17
 0.11734827E+17
 0.11575779E+17
 0.11419459E+17
 0.11265807E+17
 0.11114764E+17
 0.10966274E+17
 0.10820282E+17
 0.10676732E+17
 0.10535575E+17
 0.10396757E+17
 0.10260230E+17
 0.10125946E+17
 0.99938570E+16
 0.98639178E+16
 0.97360837E+16
 0.96103113E+16
 0.94865582E+16
 0.93647831E+16
 0.92449459E+16
 0.91270074E+16
 0.90109293E+16
 0.88966745E+16
 0.87842067E+16
 0.86734903E+16
 0.85644908E+16
 0.84571747E+16
 0.83515089E+16
 0.82474614E+16
 0.81450009E+16
 0.80440969E+16
 0.79447195E+16
 0.78468396E+16
 0.77504288E+16
 0.76554593E+16
 0.75619041E+16
 0.74697367E+16
 0.73789312E+16
 0.72894623E+16
 0.72013055E+16
 0.71144365E+16
 0.70288318E+16
 0.69444685E+16
 0.68613240E+16
 0.67793762E+16
 0.66986038E+16
 0.66189856E+16
 0.65405011E+16
 0.64631303E+16
 0.63868533E+16
 0.63116511E+16
 0.62375048E+16
 0.61643959E+16
 0.60923065E+16
 0.60212190E+16
 0.59511160E+16
 0.58819808E+16
 0.58137967E+16
 0.57465477E+16
 0.56802179E+16
 0.56147918E+16
 0.55502542E+16
 0.54865903E+16
 0.54237854E+16
 0.53618254E+16
 0.53006963E+16
 0.52403844E+16
 0.51808762E+16
 0.51221588E+16
 0.50642191E+16
 0.50070447E+16
 0.49506231E+16
 0.48949422E+16
 0.48399902E+16
 0.47857554E+16
 0.47322265E+16
 0.46793921E+16
 0.46272415E+16
 0.45757638E+16
 0.45249484E+16
 0.44747851E+16
 0.44252637E+16
 0.43763742E+16
 0.43281070E+16
 0.42804523E+16
 0.42334008E+16
 0.41869434E+16
 0.41410709E+16
 0.40957745E+16
 0.40510454E+16
 0.40068752E+16
 0.39632554E+16
 0.39201778E+16
 0.38776343E+16
 0.38356170E+16
 0.37941181E+16
 0.37531299E+16
 0.37126449E+16
 0.36726557E+16
 0.36331551E+16
 0.35941359E+16
 0.35555912E+16
 0.35175142E+16
 0.34798979E+16
 0.34427359E+16
 0.34060216E+16
 0.33697487E+16
 0.33339107E+16
 0.32985016E+16
 0.32635153E+16
 0.32289457E+16
 0.31947871E+16
 0.31610337E+16
 0.31276798E+16
 0.30947198E+16
 0.30621483E+16
 0.30299599E+16
 0.29981493E+16
 0.29667112E+16
 0.29356406E+16
 0.29049324E+16
 0.28745817E+16
 0.28445835E+16
 0.28149332E+16
 0.27856261E+16
 0.27566573E+16
 0.27280225E+16
 0.26997172E+16
 0.26717368E+16
 0.26440771E+16
 0.26167338E+16
 0.25897028E+16
 0.25629798E+16
 0.25365608E+16
 0.25104418E+16
 0.24846188E+16
 0.24590880E+16
 0.24338456E+16
 0.24088878E+16
 0.23842108E+16
 0.23598111E+16
 0.23356851E+16
 0.23118292E+16
 0.22882400E+16
 0.22649140E+16
 0.22418479E+16
 0.22190383E+16
 0.21964820E+16
 0.21741757E+16
 0.21521163E+16
 0.21303007E+16
 0.21087258E+16
 0.20873885E+16
 0.20662859E+16
 0.20454151E+16
 0.20247731E+16
 0.20043570E+16
 0.19841641E+16
 0.19641917E+16
 0.19444369E+16
 0.19248970E+16
 0.19055695E+16
 0.18864518E+16
 0.18675411E+16
 0.18488351E+16
 0.18303312E+16
 0.18120270E+16
 0.17939199E+16
 0.17760077E+16
 0.17582879E+16
 0.17407583E+16
 0.17234165E+16
 0.17062603E+16
 0.16892874E+16
 0.16724957E+16
 0.16558830E+16
 0.16394472E+16
 0.16231861E+16
 0.16070976E+16
 0.15911798E+16
 0.15754306E+16
 0.15598479E+16
 0.15444299E+16
 0.15291747E+16
 0.15140802E+16
 0.14991446E+16
 0.14843661E+16
 0.14697427E+16
 0.14552728E+16
 0.14409545E+16
 0.14267860E+16
 0.14127657E+16
 0.13988918E+16
 0.13851626E+16
 0.13715764E+16
 0.13581316E+16
 0.13448266E+16
 0.13316598E+16
 0.13186296E+16
 0.13057343E+16
 0.12929726E+16
 0.12803429E+16
 0.12678436E+16
 0.12554733E+16
 0.12432305E+16
 0.12311138E+16
 0.12191217E+16
 0.12072530E+16
 0.11955060E+16
 0.11838796E+16
 0.11723723E+16
 0.11609828E+16
 0.11497099E+16
 0.11385521E+16
 0.11275082E+16
 0.11165770E+16
 0.11057571E+16
 0.10950474E+16
 0.10844466E+16
 0.10739536E+16
 0.10635671E+16
 0.10532859E+16
 0.10431090E+16
 0.10330351E+16
 0.10230631E+16
 0.10131919E+16
 0.10034205E+16
 0.99374764E+15
 0.98417233E+15
 0.97469350E+15
 0.96531008E+15
 0.95602105E+15
 0.94682538E+15
 0.93772206E+15
 0.92871009E+15
 0.91978848E+15
 0.91095626E+15
 0.90221245E+15
 0.89355612E+15
 0.88498631E+15
 0.87650210E+15
 0.86810258E+15
 0.85978683E+15
 0.85155395E+15
 0.84340307E+15
 0.83533330E+15
 0.82734379E+15
 0.81943367E+15
 0.81160211E+15
 0.80384827E+15
 0.79617132E+15
 0.78857045E+15
 0.78104486E+15
 0.77359375E+15
 0.76621633E+15
 0.75891182E+15
 0.75167947E+15
 0.74451850E+15
 0.73742818E+15
 0.73040775E+15
 0.72345648E+15
 0.71657366E+15
 0.70975856E+15
 0.70301048E+15
 0.69632871E+15
 0.68971257E+15
 0.68316137E+15
 0.67667444E+15
 0.67025110E+15
 0.66389070E+15
 0.65759259E+15
 0.65135612E+15
 0.64518064E+15
 0.63906554E+15
 0.63301019E+15
 0.62701396E+15
 0.62107626E+15
 0.61519647E+15
 0.60937401E+15
 0.60360827E+15
 0.59789869E+15
 0.59224468E+15
 0.58664568E+15
 0.58110111E+15
 0.57561043E+15
 0.57017308E+15
 0.56478852E+15
 0.55945621E+15
 0.55417561E+15
 0.54894621E+15
 0.54376747E+15
 0.53863889E+15
 0.53355995E+15
 0.52853015E+15
 0.52354899E+15
 0.51861598E+15
 0.51373064E+15
 0.50889247E+15
 0.50410100E+15
 0.49935577E+15
 0.49465630E+15
 0.49000213E+15
 0.48539281E+15
 0.48082788E+15
 0.47630691E+15
 0.47182944E+15
 0.46739503E+15
 0.46300327E+15
 0.45865372E+15
 0.45434595E+15
 0.45007955E+15
 0.44585411E+15
 0.44166921E+15
 0.43752445E+15
 0.43341943E+15
 0.42935375E+15
 0.42532703E+15
 0.42133887E+15
 0.41738888E+15
 0.41347670E+15
 0.40960194E+15
 0.40576423E+15
 0.40196320E+15
 0.39819849E+15
 0.39446975E+15
 0.39077660E+15
 0.38711871E+15
 0.38349572E+15
 0.37990729E+15
 0.37635307E+15
 0.37283273E+15
 0.36934593E+15
 0.36589235E+15
 0.36247165E+15
 0.35908352E+15
 0.35572762E+15
 0.35240365E+15
 0.34911128E+15
 0.34585022E+15
 0.34262015E+15
 0.33942076E+15
 0.33625176E+15
 0.33311285E+15
 0.33000374E+15
 0.32692412E+15
 0.32387372E+15
 0.32085225E+15
 0.31785942E+15
 0.31489496E+15
 0.31195858E+15
 0.30905002E+15
 0.30616900E+15
 0.30331525E+15
 0.30048852E+15
 0.29768852E+15
 0.29491502E+15
 0.29216774E+15
 0.28944643E+15
 0.28675084E+15
 0.28408072E+15
 0.28143582E+15
 0.27881590E+15
 0.27622072E+15
 0.27365003E+15
 0.27110360E+15
 0.26858119E+15
 0.26608257E+15
 0.26360752E+15
 0.26115579E+15
 0.25872718E+15
 0.25632144E+15
 0.25393837E+15
 0.25157775E+15
 0.24923935E+15
 0.24692296E+15
 0.24462837E+15
 0.24235538E+15
 0.24010376E+15
 0.23787333E+15
 0.23566386E+15
 0.23347517E+15
 0.23130705E+15
 0.22915930E+15
 0.22703172E+15
 0.22492414E+15
 0.22283634E+15
 0.22076815E+15
 0.21871936E+15
 0.21668981E+15
 0.21467930E+15
 0.21268765E+15
 0.21071468E+15
 0.20876022E+15
 0.20682407E+15
 0.20490608E+15
 0.20300606E+15
 0.20112384E+15
 0.19925926E+15
 0.19741214E+15
 0.19558232E+15
 0.19376963E+15
 0.19197392E+15
 0.19019500E+15
 0.18843274E+15
 0.18668696E+15
 0.18495752E+15
 0.18324425E+15
 0.18154700E+15
 0.17986562E+15
 0.17819996E+15
 0.17654987E+15
 0.17491520E+15
 0.17329580E+15
 0.17169153E+15
 0.17010224E+15
 0.16852779E+15
 0.16696805E+15
 0.16542287E+15
 0.16389211E+15
 0.16237564E+15
 0.16087332E+15
 0.15938501E+15
 0.15791059E+15
 0.15644992E+15
 0.15500288E+15
 0.15356933E+15
 0.15214914E+15
 0.15074219E+15
 0.14934835E+15
 0.14796751E+15
 0.14659953E+15
 0.14524429E+15
 0.14390168E+15
 0.14257157E+15
 0.14125385E+15
 0.13994840E+15
 0.13865511E+15
 0.13737385E+15
 0.13610452E+15
 0.13484700E+15
 0.13360118E+15
 0.13236696E+15
 0.13114421E+15
 0.12993284E+15
 0.12873274E+15
 0.12754379E+15
 0.12636590E+15
 0.12519896E+15
 0.12404287E+15
 0.12289753E+15
 0.12176283E+15
 0.12063867E+15
 0.11952496E+15
 0.11842160E+15
 0.11732848E+15
 0.11624552E+15
 0.11517262E+15
 0.11410968E+15
 0.11305660E+15
 0.11201331E+15
 0.11097970E+15
 0.10995569E+15
 0.10894118E+15
 0.10793608E+15
 0.10694031E+15
 0.10595378E+15
 0.10497640E+15
 0.10400809E+15
 0.10304876E+15
 0.10209833E+15
 0.10115671E+15
 0.10022382E+15
 0.99299585E+14
 0.98383915E+14
 0.97476734E+14
 0.96577962E+14
 0.95687520E+14
 0.94805329E+14
 0.93931314E+14
 0.93065397E+14
 0.92207502E+14
 0.91357555E+14
 0.90515481E+14
 0.89681207E+14
 0.88854659E+14
 0.88035766E+14
 0.87224455E+14
 0.86420657E+14
 0.85624300E+14
 0.84835316E+14
 0.84053635E+14
 0.83279190E+14
 0.82511912E+14
 0.81751734E+14
 0.80998592E+14
 0.80252418E+14
 0.79513148E+14
 0.78780718E+14
 0.78055063E+14
 0.77336120E+14
 0.76623827E+14
 0.75918122E+14
 0.75218944E+14
 0.74526231E+14
 0.73839923E+14
 0.73159961E+14
 0.72486285E+14
 0.71818837E+14
 0.71157560E+14
 0.70502394E+14
 0.69853284E+14
 0.69210173E+14
 0.68573006E+14
 0.67941726E+14
 0.67316280E+14
 0.66696612E+14
 0.66082670E+14
 0.65474399E+14
 0.64871748E+14
 0.64274663E+14
 0.63683093E+14
 0.63096987E+14
 0.62516294E+14
 0.61940963E+14
 0.61370945E+14
 0.60806191E+14
 0.60246651E+14
 0.59692277E+14
 0.59143021E+14
 0.58598835E+14
 0.58059673E+14
 0.57525488E+14
 0.56996232E+14
 0.56471862E+14
 0.55952331E+14
 0.55437594E+14
 0.54927608E+14
 0.54422327E+14
 0.53921708E+14
 0.53425708E+14
 0.52934284E+14
 0.52447393E+14
 0.51964994E+14
 0.51487045E+14
 0.51013505E+14
 0.50544332E+14
 0.50079486E+14
 0.49618927E+14
 0.49162615E+14
 0.48710512E+14
 0.48262577E+14
 0.47818772E+14
 0.47379060E+14
 0.46943401E+14
 0.46511759E+14
 0.46084097E+14
 0.45660376E+14
 0.45240562E+14
 0.44824617E+14
 0.44412506E+14
 0.44004193E+14
 0.43599644E+14
 0.43198822E+14
 0.42801695E+14
 0.42408227E+14
 0.42018385E+14
 0.41632135E+14
 0.41249444E+14
 0.40870279E+14
 0.40494607E+14
 0.40122396E+14
 0.39753614E+14
 0.39388230E+14
 0.39026211E+14
 0.38667527E+14
 0.38312147E+14
 0.37960040E+14
 0.37611176E+14
 0.37265525E+14
 0.36923057E+14
 0.36583743E+14
 0.36247554E+14
 0.35914461E+14
 0.35584434E+14
 0.35257447E+14
 0.34933471E+14
 0.34612477E+14
 0.34294439E+14
 0.33979328E+14
 0.33667119E+14
 0.33357784E+14
 0.33051296E+14
 0.32747630E+14
 0.32446759E+14
 0.32148657E+14
 0.31853300E+14
 0.31560660E+14
 0.31270714E+14
 0.30983437E+14
 0.30698803E+14
 0.30416789E+14
 0.30137370E+14
 0.29860523E+14
 0.29586223E+14
 0.29314447E+14
 0.29045172E+14
 0.28778374E+14
 0.28514031E+14
 0.28252120E+14
 0.27992619E+14
 0.27735506E+14
 0.27480758E+14
 0.27228353E+14
 0.26978270E+14
 0.26730488E+14
 0.26484985E+14
 0.26241740E+14
 0.26000733E+14
 0.25761943E+14
 0.25525349E+14
 0.25290931E+14
 0.25058669E+14
 0.24828543E+14
 0.24600533E+14
 0.24374621E+14
 0.24150786E+14
 0.23929009E+14
 0.23709272E+14
 0.23491556E+14
 0.23275841E+14
 0.23062110E+14
 0.22850345E+14
 0.22640526E+14
 0.22432637E+14
 0.22226659E+14
 0.22022574E+14
 0.21820366E+14
 0.21620018E+14
 0.21421511E+14
 0.21224829E+14
 0.21029955E+14
 0.20836872E+14
 0.20645565E+14
 0.20456016E+14
 0.20268209E+14
 0.20082129E+14
 0.19897759E+14
 0.19715084E+14
 0.19534088E+14
 0.19354755E+14
 0.19177071E+14
 0.19001020E+14
 0.18826587E+14
 0.18653757E+14
 0.18482515E+14
 0.18312847E+14
 0.18144738E+14
 0.17978175E+14
 0.17813141E+14
 0.17649625E+14
 0.17487611E+14
 0.17327086E+14
 0.17168036E+14
 0.17010447E+14
 0.16854306E+14
 0.16699600E+14
 0.16546316E+14
 0.16394440E+14
 0.16243959E+14
 0.16094861E+14
 0.15947133E+14
 0.15800762E+14
 0.15655736E+14
 0.15512042E+14
 0.15369668E+14
 0.15228602E+14
 0.15088832E+14
 0.14950347E+14
 0.14813133E+14
 0.14677180E+14
 0.14542476E+14
 0.14409009E+14
 0.14276768E+14
 0.14145742E+14
 0.14015919E+14
 0.13887289E+14
 0.13759840E+14
 0.13633562E+14
 0.13508444E+14
 0.13384475E+14
 0.13261645E+14
 0.13139943E+14
 0.13019358E+14
 0.12899881E+14
 0.12781502E+14
 0.12664209E+14
 0.12547994E+14
 0.12432846E+14
 0.12318756E+14
 0.12205713E+14
 0.12093708E+14
 0.11982732E+14
 0.11872776E+14
 0.11763828E+14
 0.11655882E+14
 0.11548926E+14
 0.11442953E+14
 0.11337953E+14
 0.11233917E+14
 0.11130836E+14
 0.11028702E+14
 0.10927506E+14
 0.10827238E+14
 0.10727892E+14
 0.10629457E+14
 0.10531927E+14
 0.10435292E+14
 0.10339544E+14
 0.10244675E+14
 0.10150677E+14
 0.10057543E+14
 0.99652632E+13
 0.98738307E+13
 0.97832378E+13
 0.96934765E+13
 0.96045393E+13
 0.95164186E+13
 0.94291069E+13
 0.93425967E+13
 0.92568807E+13
 0.91719517E+13
 0.90878022E+13
 0.90044253E+13
 0.89218137E+13
 0.88399606E+13
 0.87588588E+13
 0.86785015E+13
 0.85988818E+13
 0.85199930E+13
 0.84418283E+13
 0.83643812E+13
 0.82876449E+13
 0.82116130E+13
 0.81362790E+13
 0.80616365E+13
 0.79876792E+13
 0.79144006E+13
 0.78417947E+13
 0.77698552E+13
 0.76985760E+13
 0.76279510E+13
 0.75579742E+13
 0.74886397E+13
 0.74199416E+13
 0.73518740E+13
 0.72844311E+13
 0.72176072E+13
 0.71513966E+13
 0.70857937E+13
 0.70207928E+13
 0.69563885E+13
 0.68925753E+13
 0.68293478E+13
 0.67667005E+13
 0.67046281E+13
 0.66431254E+13
 0.65821872E+13
 0.65218081E+13
 0.64619832E+13
 0.64027073E+13
 0.63439753E+13
 0.62857824E+13
 0.62281234E+13
 0.61709936E+13
 0.61143880E+13
 0.60583019E+13
 0.60027305E+13
 0.59476690E+13
 0.58931128E+13
 0.58390572E+13
 0.57854977E+13
 0.57324296E+13
 0.56798485E+13
 0.56277498E+13
 0.55761293E+13
 0.55249824E+13
 0.54743048E+13
 0.54240922E+13
 0.53743404E+13
 0.53250451E+13
 0.52762021E+13
 0.52278073E+13
 0.51798565E+13
 0.51323457E+13
 0.50852708E+13
 0.50386279E+13
 0.49924129E+13
 0.49466219E+13
 0.49012511E+13
 0.48562966E+13
 0.48117546E+13
 0.47676212E+13
 0.47238928E+13
 0.46805655E+13
 0.46376358E+13
 0.45951000E+13
 0.45529544E+13
 0.45111955E+13
 0.44698197E+13
 0.44288236E+13
 0.43882035E+13
 0.43479562E+13
 0.43080780E+13
 0.42685658E+13
 0.42294160E+13
 0.41906254E+13
 0.41521907E+13
 0.41141087E+13
 0.40763759E+13
 0.40389894E+13
 0.40019458E+13
 0.39652421E+13
 0.39288751E+13
 0.38928418E+13
 0.38571390E+13
 0.38217637E+13
 0.37867130E+13
 0.37519838E+13
 0.37175732E+13
 0.36834783E+13
 0.36496962E+13
 0.36162240E+13
 0.35830588E+13
 0.35501979E+13
 0.35176384E+13
 0.34853777E+13
 0.34534128E+13
 0.34217412E+13
 0.33903601E+13
 0.33592669E+13
 0.33284590E+13
 0.32979336E+13
 0.32676883E+13
 0.32377204E+13
 0.32080274E+13
 0.31786067E+13
 0.31494560E+13
 0.31205727E+13
 0.30919543E+13
 0.30635984E+13
 0.30355026E+13
 0.30076646E+13
 0.29800819E+13
 0.29527522E+13
 0.29256732E+13
 0.28988426E+13
 0.28722581E+13
 0.28459175E+13
 0.28198184E+13
 0.27939588E+13
 0.27683364E+13
 0.27429490E+13
 0.27177944E+13
 0.26928706E+13
 0.26681754E+13
 0.26437067E+13
 0.26194625E+13
 0.25954406E+13
 0.25716391E+13
 0.25480559E+13
 0.25246890E+13
 0.25015364E+13
 0.24785962E+13
 0.24558664E+13
 0.24333451E+13
 0.24110303E+13
 0.23889203E+13
 0.23670130E+13
 0.23453066E+13
 0.23237994E+13
 0.23024894E+13
 0.22813749E+13
 0.22604540E+13
 0.22397250E+13
 0.22191861E+13
 0.21988356E+13
 0.21786718E+13
 0.21586929E+13
 0.21388973E+13
 0.21192832E+13
 0.20998490E+13
 0.20805930E+13
 0.20615137E+13
 0.20426093E+13
 0.20238784E+13
 0.20053192E+13
 0.19869302E+13
 0.19687099E+13
 0.19506567E+13
 0.19327691E+13
 0.19150455E+13
 0.18974845E+13
 0.18800846E+13
 0.18628442E+13
 0.18457619E+13
 0.18288364E+13
 0.18120660E+13
 0.17954495E+13
 0.17789853E+13
 0.17626721E+13
 0.17465086E+13
 0.17304933E+13
 0.17146249E+13
 0.16989020E+13
 0.16833233E+13
 0.16678875E+13
 0.16525932E+13
 0.16374392E+13
 0.16224242E+13
 0.16075469E+13
 0.15928060E+13
 0.15782003E+13
 0.15637286E+13
 0.15493896E+13
 0.15351821E+13
 0.15211049E+13
 0.15071567E+13
 0.14933366E+13
 0.14796431E+13
 0.14660752E+13
 0.14526318E+13
 0.14393116E+13
 0.14261136E+13
 0.14130367E+13
 0.14000796E+13
 0.13872414E+13
 0.13745209E+13
 0.13619171E+13
 0.13494289E+13
 0.13370552E+13
 0.13247949E+13
 0.13126471E+13
 0.13006107E+13
 0.12886847E+13
 0.12768681E+13
 0.12651598E+13
 0.12535589E+13
 0.12420644E+13
 0.12306753E+13
 0.12193906E+13
 0.12082094E+13
 0.11971308E+13
 0.11861537E+13
 0.11752773E+13
 0.11645007E+13
 0.11538229E+13
 0.11432430E+13
 0.11327601E+13
 0.11223733E+13
 0.11120818E+13
 0.11018847E+13
 0.10917811E+13
 0.10817702E+13
 0.10718510E+13
 0.10620228E+13
 0.10522847E+13
 0.10426360E+13
 0.10330757E+13
 0.10236031E+13
 0.10142173E+13
 0.10049177E+13
 0.99570327E+12
 0.98657337E+12
 0.97752719E+12
 0.96856397E+12
 0.95968294E+12
 0.95088335E+12
 0.94216445E+12
 0.93352551E+12
 0.92496578E+12
 0.91648455E+12
 0.90808110E+12
 0.89975470E+12
 0.89150465E+12
 0.88333026E+12
 0.87523083E+12
 0.86720567E+12
 0.85925410E+12
 0.85137544E+12
 0.84356903E+12
 0.83583421E+12
 0.82817031E+12
 0.82057669E+12
 0.81305271E+12
 0.80559771E+12
 0.79821108E+12
 0.79089218E+12
 0.78364040E+12
 0.77645511E+12
 0.76933571E+12
 0.76228160E+12
 0.75529217E+12
 0.74836683E+12
 0.74150499E+12
 0.73470608E+12
 0.72796951E+12
 0.72129471E+12
 0.71468112E+12
 0.70812817E+12
 0.70163532E+12
 0.69520200E+12
 0.68882767E+12
 0.68251179E+12
 0.67625383E+12
 0.67005325E+12
 0.66390952E+12
 0.65782213E+12
 0.65179057E+12
 0.64581430E+12
 0.63989284E+12
 0.63402568E+12
 0.62821231E+12
 0.62245226E+12
 0.61674502E+12
 0.61109011E+12
 0.60548705E+12
 0.59993537E+12
 0.59443460E+12
 0.58898427E+12
 0.58358391E+12
 0.57823308E+12
 0.57293130E+12
 0.56767815E+12
 0.56247316E+12
 0.55731589E+12
 0.55220592E+12
 0.54714280E+12
 0.54212611E+12
 0.53715542E+12
 0.53223031E+12
 0.52735035E+12
 0.52251515E+12
 0.51772428E+12
 0.51297734E+12
 0.50827392E+12
 0.50361363E+12
 0.49899608E+12
 0.49442086E+12
 0.48988760E+12
 0.48539590E+12
 0.48094539E+12
 0.47653569E+12
 0.47216642E+12
 0.46783721E+12
 0.46354770E+12
 0.45929753E+12
 0.45508632E+12
 0.45091373E+12
 0.44677939E+12
 0.44268297E+12
 0.43862410E+12
 0.43460246E+12
 0.43061768E+12
 0.42666945E+12
 0.42275742E+12
 0.41888126E+12
 0.41504064E+12
 0.41123523E+12
 0.40746472E+12
 0.40372878E+12
 0.40002709E+12
 0.39635935E+12
 0.39272524E+12
 0.38912445E+12
 0.38555667E+12
 0.38202161E+12
 0.37851896E+12
 0.37504843E+12
 0.37160972E+12
 0.36820254E+12
 0.36482660E+12
 0.36148161E+12
 0.35816730E+12
 0.35488337E+12
 0.35162956E+12
 0.34840558E+12
 0.34521116E+12
 0.34204603E+12
 0.33890992E+12
 0.33580257E+12
 0.33272371E+12
 0.32967308E+12
 0.32665042E+12
 0.32365547E+12
 0.32068799E+12
 0.31774771E+12
 0.31483440E+12
 0.31194779E+12
 0.30908766E+12
 0.30625374E+12
 0.30344582E+12
 0.30066363E+12
 0.29790696E+12
 0.29517557E+12
 0.29246921E+12
 0.28978768E+12
 0.28713072E+12
 0.28449814E+12
 0.28188968E+12
 0.27930515E+12
 0.27674431E+12
 0.27420696E+12
 0.27169286E+12
 0.26920182E+12
 0.26673362E+12
 0.26428805E+12
 0.26186491E+12
 0.25946398E+12
 0.25708506E+12
 0.25472796E+12
 0.25239247E+12
 0.25007839E+12
 0.24778553E+12
 0.24551369E+12
 0.24326269E+12
 0.24103232E+12
 0.23882240E+12
 0.23663275E+12
 0.23446317E+12
 0.23231348E+12
 0.23018351E+12
 0.22807306E+12
 0.22598196E+12
 0.22391004E+12
 0.22185712E+12
 0.21982301E+12
 0.21780756E+12
 0.21581059E+12
 0.21383192E+12
 0.21187140E+12
 0.20992885E+12
 0.20800412E+12
 0.20609703E+12
 0.20420743E+12
 0.20233515E+12
 0.20048004E+12
 0.19864194E+12
 0.19682069E+12
 0.19501614E+12
 0.19322814E+12
 0.19145653E+12
 0.18970116E+12
 0.18796189E+12
 0.18623856E+12
 0.18453104E+12
 0.18283917E+12
 0.18116281E+12
 0.17950183E+12
 0.17785607E+12
 0.17622540E+12
 0.17460969E+12
 0.17300878E+12
 0.17142256E+12
 0.16985088E+12
 0.16829361E+12
 0.16675061E+12
 0.16522177E+12
 0.16370694E+12
 0.16220600E+12
 0.16071883E+12
 0.15924528E+12
 0.15778525E+12
 0.15633861E+12
 0.15490523E+12
 0.15348499E+12
 0.15207777E+12
 0.15068346E+12
 0.14930193E+12
 0.14793306E+12
 0.14657675E+12
 0.14523287E+12
 0.14390131E+12
 0.14258197E+12
 0.14127472E+12
 0.13997945E+12
 0.13869606E+12
 0.13742444E+12
 0.13616447E+12
 0.13491606E+12
 0.13367910E+12
 0.13245347E+12
 0.13123909E+12
 0.13003583E+12
 0.12884361E+12
 0.12766232E+12
 0.12649187E+12
 0.12533214E+12
 0.12418305E+12
 0.12304449E+12
 0.12191637E+12
 0.12079859E+12
 0.11969106E+12
 0.11859369E+12
 0.11750638E+12
 0.11642903E+12
 0.11536157E+12
 0.11430389E+12
 0.11325591E+12
 0.11221754E+12
 0.11118869E+12
 0.11016927E+12
 0.10915919E+12
 0.10815838E+12
 0.10716675E+12
 0.10618420E+12
 0.10521067E+12
 0.10424606E+12
 0.10329029E+12
 0.10234329E+12
 0.10140497E+12
 0.10047526E+12
 0.99554064E+11
 0.98641317E+11
 0.97736940E+11
 0.96840853E+11
 0.95952983E+11
 0.95073253E+11
 0.94201589E+11
 0.93337917E+11
 0.92482163E+11
 0.91634256E+11
 0.90794122E+11
 0.89961691E+11
 0.89136893E+11
 0.88319656E+11
 0.87509912E+11
 0.86707593E+11
 0.85912629E+11
 0.85124954E+11
 0.84344501E+11
 0.83571203E+11
 0.82804996E+11
 0.82045813E+11
 0.81293591E+11
 0.80548265E+11
 0.79809774E+11
 0.79078052E+11
 0.78353040E+11
 0.77634675E+11
 0.76922896E+11
 0.76217643E+11
 0.75518857E+11
 0.74826477E+11
 0.74140445E+11
 0.73460703E+11
 0.72787193E+11
 0.72119858E+11
 0.71458641E+11
 0.70803487E+11
 0.70154340E+11
 0.69511144E+11
 0.68873845E+11
 0.68242390E+11
 0.67616723E+11
 0.66996794E+11
 0.66382548E+11
 0.65773933E+11
 0.65170899E+11
 0.64573394E+11
 0.63981366E+11
 0.63394767E+11
 0.62813546E+11
 0.62237654E+11
 0.61667041E+11
 0.61101661E+11
 0.60541464E+11
 0.59986403E+11
 0.59436431E+11
 0.58891501E+11
 0.58351568E+11
 0.57816585E+11
 0.57286507E+11
 0.56761289E+11
 0.56240886E+11
 0.55725254E+11
 0.55214350E+11
 0.54708131E+11
 0.54206552E+11
 0.53709572E+11
 0.53217149E+11
 0.52729240E+11
 0.52245804E+11
 0.51766801E+11
 0.51292190E+11
 0.50821930E+11
 0.50355982E+11
 0.49894305E+11
 0.49436861E+11
 0.48983612E+11
 0.48534518E+11
 0.48089541E+11
 0.47648644E+11
 0.47211789E+11
 0.46778940E+11
 0.46350059E+11
 0.45925110E+11
 0.45504058E+11
 0.45086865E+11
 0.44673498E+11
 0.44263921E+11
 0.43858098E+11
 0.43455997E+11
 0.43057582E+11
 0.42662820E+11
 0.42271677E+11
 0.41884120E+11
 0.41500117E+11
 0.41119634E+11
 0.40742639E+11
 0.40369101E+11
 0.39998988E+11
 0.39632268E+11
 0.39268910E+11
 0.38908884E+11
 0.38552158E+11
 0.38198703E+11
 0.37848489E+11
 0.37501486E+11
 0.37157664E+11
 0.36816994E+11
 0.36479447E+11
 0.36144996E+11
 0.35813610E+11
 0.35485263E+11
 0.35159927E+11
 0.34837573E+11
 0.34518174E+11
 0.34201704E+11
 0.33888135E+11
 0.33577442E+11
 0.33269597E+11
 0.32964574E+11
 0.32662348E+11
 0.32362892E+11
 0.32066182E+11
 0.31772193E+11
 0.31480899E+11
 0.31192275E+11
 0.30906298E+11
 0.30622943E+11
 0.30342185E+11
 0.30064002E+11
 0.29788369E+11
 0.29515263E+11
 0.29244661E+11
 0.28976540E+11
 0.28710877E+11
 0.28447650E+11
 0.28186836E+11
 0.27928414E+11
 0.27672360E+11
 0.27418655E+11
 0.27167275E+11
 0.26918200E+11
 0.26671409E+11
 0.26426880E+11
 0.26184593E+11
 0.25944528E+11
 0.25706663E+11
 0.25470980E+11
 0.25237457E+11
 0.25006075E+11
 0.24776815E+11
 0.24549656E+11
 0.24324580E+11
 0.24101568E+11
 0.23880600E+11
 0.23661658E+11
 0.23444724E+11
 0.23229778E+11
 0.23016803E+11
 0.22805781E+11
 0.22596693E+11
 0.22389523E+11
 0.22184251E+11
 0.21980862E+11
 0.21779338E+11
 0.21579661E+11
 0.21381814E+11
 0.21185782E+11
 0.20991547E+11
 0.20799093E+11
 0.20608403E+11
 0.20419461E+11
 0.20232252E+11
 0.20046759E+11
 0.19862967E+11
 0.19680860E+11
 0.19500422E+11
 0.19321639E+11
 0.19144495E+11
 0.18968975E+11
 0.18795064E+11
 0.18622748E+11
 0.18452011E+11
 0.18282840E+11
 0.18115220E+11
 0.17949136E+11
 0.17784576E+11
 0.17621524E+11
 0.17459967E+11
 0.17299891E+11
 0.17141282E+11
 0.16984128E+11
 0.16828415E+11
 0.16674129E+11
 0.16521258E+11
 0.16369789E+11
 0.16219708E+11
 0.16071003E+11
 0.15923661E+11
 0.15777671E+11
 0.15633018E+11
 0.15489692E+11
 0.15347680E+11
 0.15206970E+11
 0.15067550E+11
 0.14929409E+11
 0.14792533E+11
 0.14656913E+11
 0.14522536E+11
 0.14389391E+11
 0.14257467E+11
 0.14126753E+11
 0.13997236E+11
 0.13868907E+11
 0.13741755E+11
 0.13615769E+11
 0.13490937E+11
 0.13367250E+11
 0.13244697E+11
 0.13123268E+11
 0.13002952E+11
 0.12883739E+11
 0.12765619E+11
 0.12648582E+11
 0.12532617E+11
 0.12417717E+11
 0.12303869E+11
 0.12191065E+11
 0.12079296E+11
 0.11968551E+11
 0.11858822E+11
 0.11750098E+11
 0.11642372E+11
 0.11535633E+11
 0.11429872E+11
 0.11325082E+11
 0.11221252E+11
 0.11118374E+11
 0.11016439E+11
 0.10915439E+11
 0.10815364E+11
 0.10716207E+11
 0.10617960E+11
