   mdm                       oh2
   70.000000000000028                            NaN
   71.886453669555081                            NaN
   73.823746016929761                            NaN
   75.813247110843150                            NaN
   77.856363942459282                            NaN
   79.954541816458502                            NaN
   82.109263392710844                            NaN
   84.322054113688935                            NaN
   86.594477233438241                            NaN
   88.928142402607676                            NaN
   91.324696529711645                            NaN
   93.785836192158698                            NaN
   96.313301927051000                            NaN
   98.908881177804759                            NaN
   101.57441157074108                            NaN
   104.31177628422638                            NaN
   107.12290696189206                            NaN
   110.00980003849365                            NaN
   112.97449301683515                            NaN
   116.01907795658349                            NaN
   119.14571708919880                            NaN
   122.35661227623216                            NaN
   125.65404386089160                            NaN
   129.04033909462771                            NaN
   132.51788754416117                            NaN
   136.08915892697755                            NaN
   139.75666822635850                            NaN
   143.52302575519315                            NaN
   147.39087265631849                            NaN
   151.36295537306873                            NaN
   155.44209530814985                            NaN
   159.63115294178397                            NaN
   163.93310279951683                            NaN
   168.35100059137142                            NaN
   172.88794435013361                            NaN
   177.54715562496557                            NaN
   182.33194389158487                            NaN
   187.24566446322430                            NaN
   192.29180642708292                            NaN
   197.47393844866812                            NaN
   202.79574143856291                            NaN
   208.26094728938216                            NaN
   213.87343668166019                            NaN
   219.63719621232553                            NaN
   225.55626769421258                            NaN
   231.63485408437509                            NaN
   237.87727305223552                            NaN
   244.28790206860398                            NaN
   250.87129313095605                            NaN
   257.63212247558442                            NaN
   264.57513110645897                            NaN
   271.70524904802500                            NaN
   279.02751876760601                            NaN
   286.54711862355435                            NaN
   294.26941317036898                            NaN
   302.19977160475980                            NaN
   310.34384774844409                            NaN
   318.70740114679978                            NaN
   327.29634656099415                            NaN
   336.11675815094270                            NaN
   345.17492848268466                            NaN
   354.47715556752308                            NaN
   364.03007127890299                            NaN
   373.84043150301255                            NaN
   383.91517419252813                            NaN
   394.26142427318348                            NaN
   404.88656285879932                            NaN
   415.79797745043351                            NaN
   427.00344716592724                            NaN
   438.51089658876538                            NaN
   450.32846386451087                            NaN
   462.46450645615658                            NaN
   474.92768233262876                            NaN
   487.72665695501570                            NaN
   500.87055514677621                            NaN
   514.36867236104001                            NaN
   528.23055455700967                            NaN
   542.46600495092753                            NaN
   557.08509094897602                            NaN
   572.09824194701014                            NaN
   587.51589636594883                            NaN
   603.34904597496677                            NaN
   619.60888808386812                            NaN
   636.30692176226046                            NaN
   653.45495597177273                            NaN
   671.06522428411665                            NaN
   689.14997085730818                            NaN
   707.72208892105107                            NaN
   726.79471280204666                            NaN
   746.38133078807368                            NaN
   766.49579466699595                            NaN
   787.15245428984008                            NaN
   808.36567192525501                            NaN
   830.15057119615869                            NaN
   852.52255852971257                            NaN
   875.49745554570086                            NaN
   899.09151024568712                            NaN
   923.32155485408850                            NaN
   948.20443616106513                            NaN
   973.75789401732959                            NaN
   999.99999999999977                            NaN
