# su gauss         1000 pg_dd (rev 1363)                                            
 0.82307119E+37 0.49889648E+37 0.99271728E+37 0.98677800E+37 0.11303013E+35 0.47140076E+33
 0.82726961E+37 0.50332688E+37 0.10014792E+38 0.98635964E+37 0.11372379E+35 0.47725341E+33
 0.83146051E+37 0.50777456E+37 0.10102739E+38 0.98587163E+37 0.11441505E+35 0.48315398E+33
 0.83564363E+37 0.51223924E+37 0.10191009E+38 0.98531410E+37 0.11510380E+35 0.48910256E+33
 0.83981870E+37 0.51672065E+37 0.10279597E+38 0.98468718E+37 0.11578993E+35 0.49509922E+33
 0.84398549E+37 0.52121848E+37 0.10368495E+38 0.98399105E+37 0.11647331E+35 0.50114404E+33
 0.84814374E+37 0.52573244E+37 0.10457698E+38 0.98322590E+37 0.11715384E+35 0.50723708E+33
 0.85229318E+37 0.53026224E+37 0.10547199E+38 0.98239191E+37 0.11783138E+35 0.51337840E+33
 0.85643357E+37 0.53480757E+37 0.10636993E+38 0.98148932E+37 0.11850583E+35 0.51956807E+33
 0.86056466E+37 0.53936812E+37 0.10727073E+38 0.98051836E+37 0.11917706E+35 0.52580613E+33
 0.86468619E+37 0.54394356E+37 0.10817432E+38 0.97947929E+37 0.11984496E+35 0.53209263E+33
 0.86879791E+37 0.54853358E+37 0.10908063E+38 0.97837239E+37 0.12050940E+35 0.53842761E+33
 0.87289956E+37 0.55313784E+37 0.10998960E+38 0.97719793E+37 0.12117026E+35 0.54481110E+33
 0.87699090E+37 0.55775602E+37 0.11090116E+38 0.97595623E+37 0.12182743E+35 0.55124313E+33
 0.88107167E+37 0.56238777E+37 0.11181524E+38 0.97464761E+37 0.12248079E+35 0.55772371E+33
 0.88514162E+37 0.56703275E+37 0.11273177E+38 0.97327242E+37 0.12313020E+35 0.56425287E+33
 0.88920050E+37 0.57169061E+37 0.11365067E+38 0.97183103E+37 0.12377556E+35 0.57083060E+33
 0.89324804E+37 0.57636099E+37 0.11457187E+38 0.97032376E+37 0.12441674E+35 0.57745691E+33
 0.89728402E+37 0.58104353E+37 0.11549529E+38 0.96875106E+37 0.12505362E+35 0.58413178E+33
 0.90130817E+37 0.58573787E+37 0.11642087E+38 0.96711332E+37 0.12568607E+35 0.59085523E+33
 0.90532024E+37 0.59044362E+37 0.11734853E+38 0.96541095E+37 0.12631399E+35 0.59762718E+33
 0.90931998E+37 0.59516042E+37 0.11827817E+38 0.96364440E+37 0.12693724E+35 0.60444763E+33
 0.91330713E+37 0.59988788E+37 0.11920974E+38 0.96181411E+37 0.12755570E+35 0.61131652E+33
 0.91728145E+37 0.60462562E+37 0.12014315E+38 0.95992056E+37 0.12816926E+35 0.61823382E+33
 0.92124269E+37 0.60937324E+37 0.12107832E+38 0.95796424E+37 0.12877780E+35 0.62519947E+33
 0.92519060E+37 0.61413036E+37 0.12201516E+38 0.95594563E+37 0.12938119E+35 0.63221339E+33
 0.92912492E+37 0.61889656E+37 0.12295360E+38 0.95386525E+37 0.12997931E+35 0.63927551E+33
 0.93304541E+37 0.62367143E+37 0.12389355E+38 0.95172364E+37 0.13057204E+35 0.64638575E+33
 0.93695181E+37 0.62845458E+37 0.12483492E+38 0.94952132E+37 0.13115927E+35 0.65354400E+33
 0.94084387E+37 0.63324558E+37 0.12577764E+38 0.94725885E+37 0.13174088E+35 0.66075017E+33
 0.94472166E+37 0.63804433E+37 0.12672167E+38 0.94493680E+37 0.13231675E+35 0.66800413E+33
 0.94858426E+37 0.64284974E+37 0.12766681E+38 0.94255575E+37 0.13288675E+35 0.67530575E+33
 0.95243181E+37 0.64766176E+37 0.12861303E+38 0.94011629E+37 0.13345078E+35 0.68265491E+33
 0.95626401E+37 0.65247992E+37 0.12956024E+38 0.93761902E+37 0.13400871E+35 0.69005145E+33
 0.96008062E+37 0.65730379E+37 0.13050836E+38 0.93506457E+37 0.13456043E+35 0.69749522E+33
 0.96388139E+37 0.66213293E+37 0.13145728E+38 0.93245355E+37 0.13510583E+35 0.70498604E+33
 0.96766607E+37 0.66696688E+37 0.13240693E+38 0.92978661E+37 0.13564479E+35 0.71252372E+33
 0.97143440E+37 0.67180520E+37 0.13335721E+38 0.92706441E+37 0.13617720E+35 0.72010808E+33
 0.97518614E+37 0.67664744E+37 0.13430802E+38 0.92428759E+37 0.13670294E+35 0.72773892E+33
 0.97892103E+37 0.68149314E+37 0.13525927E+38 0.92145684E+37 0.13722191E+35 0.73541600E+33
 0.98263882E+37 0.68634183E+37 0.13621088E+38 0.91857283E+37 0.13773399E+35 0.74313910E+33
 0.98633926E+37 0.69119305E+37 0.13716273E+38 0.91563626E+37 0.13823907E+35 0.75090797E+33
 0.99002221E+37 0.69604645E+37 0.13811477E+38 0.91264782E+37 0.13873705E+35 0.75872236E+33
 0.99368720E+37 0.70090133E+37 0.13906685E+38 0.90960823E+37 0.13922781E+35 0.76658200E+33
 0.99733408E+37 0.70575732E+37 0.14001889E+38 0.90651821E+37 0.13971126E+35 0.77448661E+33
 0.10009626E+38 0.71061394E+37 0.14097080E+38 0.90337848E+37 0.14018728E+35 0.78243588E+33
 0.10045725E+38 0.71547073E+37 0.14192248E+38 0.90018977E+37 0.14065578E+35 0.79042950E+33
 0.10081636E+38 0.72032719E+37 0.14287383E+38 0.89695284E+37 0.14111665E+35 0.79846716E+33
 0.10117355E+38 0.72518283E+37 0.14382476E+38 0.89366842E+37 0.14156978E+35 0.80654851E+33
 0.10152881E+38 0.73003717E+37 0.14477516E+38 0.89033728E+37 0.14201509E+35 0.81467319E+33
 0.10188211E+38 0.73488971E+37 0.14572493E+38 0.88696018E+37 0.14245247E+35 0.82284083E+33
 0.10223342E+38 0.73973996E+37 0.14667398E+38 0.88353789E+37 0.14288182E+35 0.83105106E+33
 0.10258273E+38 0.74458742E+37 0.14762220E+38 0.88007131E+37 0.14330306E+35 0.83930355E+33
 0.10292999E+38 0.74943159E+37 0.14856949E+38 0.87656097E+37 0.14371609E+35 0.84759773E+33
 0.10327519E+38 0.75427191E+37 0.14951573E+38 0.87300778E+37 0.14412081E+35 0.85593324E+33
 0.10361830E+38 0.75910800E+37 0.15046086E+38 0.86941253E+37 0.14451714E+35 0.86430965E+33
 0.10395930E+38 0.76393929E+37 0.15140475E+38 0.86577602E+37 0.14490498E+35 0.87272648E+33
 0.10429817E+38 0.76876528E+37 0.15234730E+38 0.86209905E+37 0.14528161E+35 0.88118326E+33
 0.10463487E+38 0.77358545E+37 0.15328842E+38 0.85838242E+37 0.14565496E+35 0.88967948E+33
 0.10496938E+38 0.77839930E+37 0.15422799E+38 0.85462694E+37 0.14601678E+35 0.89821465E+33
 0.10530168E+38 0.78320629E+37 0.15516591E+38 0.85083342E+37 0.14636988E+35 0.90678823E+33
 0.10563175E+38 0.78800596E+37 0.15610208E+38 0.84700267E+37 0.14671404E+35 0.91539967E+33
 0.10595955E+38 0.79279775E+37 0.15703640E+38 0.84313550E+37 0.14704618E+35 0.92404841E+33
 0.10628506E+38 0.79758117E+37 0.15796877E+38 0.83923275E+37 0.14737545E+35 0.93273386E+33
 0.10660927E+38 0.80236579E+37 0.15890108E+38 0.83529522E+37 0.14769252E+35 0.94145543E+33
 0.10693014E+38 0.80713094E+37 0.15982923E+38 0.83132373E+37 0.14800035E+35 0.95021250E+33
 0.10724864E+38 0.81188616E+37 0.16075510E+38 0.82731912E+37 0.14829899E+35 0.95900443E+33
 0.10756476E+38 0.81663093E+37 0.16167860E+38 0.82328219E+37 0.14858773E+35 0.96783058E+33
 0.10787846E+38 0.82136471E+37 0.16259961E+38 0.81921378E+37 0.14886812E+35 0.97669026E+33
 0.10818972E+38 0.82608703E+37 0.16351805E+38 0.81511471E+37 0.14913856E+35 0.98558279E+33
 0.10849853E+38 0.83079739E+37 0.16443380E+38 0.81098580E+37 0.14939949E+35 0.99450746E+33
 0.10880484E+38 0.83549518E+37 0.16534676E+38 0.80682787E+37 0.14965086E+35 0.10034635E+34
 0.10910865E+38 0.84017994E+37 0.16625682E+38 0.80264175E+37 0.14989260E+35 0.10124503E+34
 0.10940992E+38 0.84485113E+37 0.16716389E+38 0.79842826E+37 0.15012468E+35 0.10214669E+34
 0.10970862E+38 0.84950825E+37 0.16806785E+38 0.79418823E+37 0.15034703E+35 0.10305127E+34
 0.11000474E+38 0.85415078E+37 0.16896861E+38 0.78992245E+37 0.15055962E+35 0.10395867E+34
 0.11029825E+38 0.85877819E+37 0.16986605E+38 0.78563177E+37 0.15076239E+35 0.10486882E+34
 0.11058913E+38 0.86338996E+37 0.17076008E+38 0.78131698E+37 0.15095529E+35 0.10578164E+34
 0.11087735E+38 0.86798559E+37 0.17165060E+38 0.77697890E+37 0.15113831E+35 0.10669703E+34
 0.11116288E+38 0.87256455E+37 0.17253750E+38 0.77261834E+37 0.15131139E+35 0.10761491E+34
 0.11144571E+38 0.87712634E+37 0.17342067E+38 0.76823611E+37 0.15147450E+35 0.10853519E+34
 0.11172580E+38 0.88167043E+37 0.17430002E+38 0.76383301E+37 0.15162760E+35 0.10945777E+34
 0.11200313E+38 0.88619630E+37 0.17517544E+38 0.75940984E+37 0.15177066E+35 0.11038257E+34
 0.11227769E+38 0.89070347E+37 0.17604683E+38 0.75496740E+37 0.15190366E+35 0.11130947E+34
 0.11254944E+38 0.89519142E+37 0.17691409E+38 0.75050647E+37 0.15202658E+35 0.11223840E+34
 0.11281836E+38 0.89965964E+37 0.17777713E+38 0.74602785E+37 0.15213938E+35 0.11316924E+34
 0.11308444E+38 0.90410761E+37 0.17863583E+38 0.74153232E+37 0.15224206E+35 0.11410189E+34
 0.11334763E+38 0.90853483E+37 0.17949010E+38 0.73702066E+37 0.15233459E+35 0.11503625E+34
 0.11360793E+38 0.91294081E+37 0.18033984E+38 0.73249364E+37 0.15241695E+35 0.11597221E+34
 0.11386530E+38 0.91732502E+37 0.18118495E+38 0.72795204E+37 0.15248914E+35 0.11690966E+34
 0.11411972E+38 0.92168698E+37 0.18202532E+38 0.72339661E+37 0.15255114E+35 0.11784849E+34
 0.11437118E+38 0.92602619E+37 0.18286087E+38 0.71882811E+37 0.15260296E+35 0.11878860E+34
 0.11461964E+38 0.93034214E+37 0.18369149E+38 0.71424730E+37 0.15264457E+35 0.11972985E+34
 0.11486508E+38 0.93463434E+37 0.18451709E+38 0.70965492E+37 0.15267599E+35 0.12067215E+34
 0.11510748E+38 0.93890230E+37 0.18533756E+38 0.70505171E+37 0.15269722E+35 0.12161536E+34
 0.11534682E+38 0.94314553E+37 0.18615282E+38 0.70043842E+37 0.15270824E+35 0.12255936E+34
 0.11558307E+38 0.94736353E+37 0.18696276E+38 0.69581575E+37 0.15270909E+35 0.12350404E+34
 0.11581621E+38 0.95155582E+37 0.18776729E+38 0.69118445E+37 0.15269975E+35 0.12444927E+34
 0.11604621E+38 0.95572191E+37 0.18856631E+38 0.68654522E+37 0.15268024E+35 0.12539493E+34
 0.11627306E+38 0.95986132E+37 0.18935973E+38 0.68189876E+37 0.15265058E+35 0.12634087E+34
 0.11649673E+38 0.96397356E+37 0.19014745E+38 0.67724579E+37 0.15261078E+35 0.12728697E+34
 0.11671720E+38 0.96805817E+37 0.19092939E+38 0.67258699E+37 0.15256086E+35 0.12823311E+34
 0.11693445E+38 0.97211464E+37 0.19170544E+38 0.66792305E+37 0.15250084E+35 0.12917914E+34
 0.11714844E+38 0.97614252E+37 0.19247552E+38 0.66325466E+37 0.15243074E+35 0.13012492E+34
 0.11735917E+38 0.98014132E+37 0.19323952E+38 0.65858247E+37 0.15235060E+35 0.13107033E+34
 0.11756660E+38 0.98411057E+37 0.19399737E+38 0.65390715E+37 0.15226045E+35 0.13201521E+34
 0.11777072E+38 0.98804981E+37 0.19474897E+38 0.64922937E+37 0.15216030E+35 0.13295942E+34
 0.11797150E+38 0.99195856E+37 0.19549422E+38 0.64454976E+37 0.15205020E+35 0.13390283E+34
 0.11816892E+38 0.99583637E+37 0.19623305E+38 0.63986898E+37 0.15193017E+35 0.13484528E+34
 0.11836295E+38 0.99968275E+37 0.19696535E+38 0.63518764E+37 0.15180027E+35 0.13578663E+34
 0.11855358E+38 0.10034973E+38 0.19769104E+38 0.63050637E+37 0.15166053E+35 0.13672672E+34
 0.11874079E+38 0.10072794E+38 0.19841002E+38 0.62582580E+37 0.15151102E+35 0.13766541E+34
 0.11892454E+38 0.10110288E+38 0.19912222E+38 0.62114652E+37 0.15135171E+35 0.13860255E+34
 0.11910482E+38 0.10147449E+38 0.19982755E+38 0.61646914E+37 0.15118272E+35 0.13953797E+34
 0.11928160E+38 0.10184273E+38 0.20052591E+38 0.61179424E+37 0.15100405E+35 0.14047152E+34
 0.11945486E+38 0.10220756E+38 0.20121721E+38 0.60712241E+37 0.15081579E+35 0.14140304E+34
 0.11962459E+38 0.10256892E+38 0.20190139E+38 0.60245422E+37 0.15061803E+35 0.14233237E+34
 0.11979075E+38 0.10292677E+38 0.20257833E+38 0.59779023E+37 0.15041070E+35 0.14325936E+34
 0.11995333E+38 0.10328108E+38 0.20324797E+38 0.59313100E+37 0.15019403E+35 0.14418383E+34
 0.12011230E+38 0.10363178E+38 0.20391021E+38 0.58847708E+37 0.14996788E+35 0.14510563E+34
 0.12026764E+38 0.10397884E+38 0.20456497E+38 0.58382901E+37 0.14973247E+35 0.14602459E+34
 0.12041932E+38 0.10432222E+38 0.20521217E+38 0.57918731E+37 0.14948783E+35 0.14694053E+34
 0.12056733E+38 0.10466187E+38 0.20585171E+38 0.57455251E+37 0.14923410E+35 0.14785330E+34
 0.12071164E+38 0.10499774E+38 0.20648353E+38 0.56992511E+37 0.14897105E+35 0.14876273E+34
 0.12085223E+38 0.10532978E+38 0.20710752E+38 0.56530562E+37 0.14869907E+35 0.14966863E+34
 0.12098908E+38 0.10565797E+38 0.20772361E+38 0.56069454E+37 0.14841818E+35 0.15057085E+34
 0.12112215E+38 0.10598224E+38 0.20833172E+38 0.55609235E+37 0.14812829E+35 0.15146920E+34
 0.12125144E+38 0.10630256E+38 0.20893176E+38 0.55149952E+37 0.14782963E+35 0.15236351E+34
 0.12137691E+38 0.10661888E+38 0.20952365E+38 0.54691653E+37 0.14752223E+35 0.15325361E+34
 0.12149855E+38 0.10693117E+38 0.21010732E+38 0.54234382E+37 0.14720618E+35 0.15413932E+34
 0.12161632E+38 0.10723936E+38 0.21068266E+38 0.53778186E+37 0.14688161E+35 0.15502047E+34
 0.12173021E+38 0.10754342E+38 0.21124961E+38 0.53323108E+37 0.14654842E+35 0.15589687E+34
 0.12184019E+38 0.10784331E+38 0.21180807E+38 0.52869191E+37 0.14620687E+35 0.15676834E+34
 0.12194623E+38 0.10813897E+38 0.21235797E+38 0.52416477E+37 0.14585699E+35 0.15763471E+34
 0.12204832E+38 0.10843037E+38 0.21289922E+38 0.51965009E+37 0.14549888E+35 0.15849580E+34
 0.12214644E+38 0.10871746E+38 0.21343175E+38 0.51514881E+37 0.14513262E+35 0.15935142E+34
 0.12224054E+38 0.10900020E+38 0.21395547E+38 0.51066023E+37 0.14475830E+35 0.16020139E+34
 0.12233061E+38 0.10927854E+38 0.21447030E+38 0.50618529E+37 0.14437600E+35 0.16104553E+34
 0.12241555E+38 0.10955136E+38 0.21497829E+38 0.50172438E+37 0.14398583E+35 0.16188367E+34
 0.12249855E+38 0.10982183E+38 0.21547294E+38 0.49727785E+37 0.14358787E+35 0.16271561E+34
 0.12257637E+38 0.11008671E+38 0.21596060E+38 0.49284608E+37 0.14318223E+35 0.16354117E+34
 0.12265006E+38 0.11034700E+38 0.21643904E+38 0.48842961E+37 0.14276899E+35 0.16436017E+34
 0.12271959E+38 0.11060266E+38 0.21690818E+38 0.48402839E+37 0.14234826E+35 0.16517243E+34
 0.12278493E+38 0.11085366E+38 0.21736793E+38 0.47964296E+37 0.14192013E+35 0.16597776E+34
 0.12284607E+38 0.11109994E+38 0.21781822E+38 0.47527366E+37 0.14148470E+35 0.16677598E+34
 0.12290296E+38 0.11134146E+38 0.21825895E+38 0.47092078E+37 0.14104207E+35 0.16756691E+34
 0.12295558E+38 0.11157818E+38 0.21869005E+38 0.46658466E+37 0.14059234E+35 0.16835036E+34
 0.12300392E+38 0.11181003E+38 0.21911143E+38 0.46226560E+37 0.14013562E+35 0.16912616E+34
 0.12304793E+38 0.11203699E+38 0.21952301E+38 0.45796388E+37 0.13967201E+35 0.16989411E+34
 0.12308759E+38 0.11225900E+38 0.21992471E+38 0.45367980E+37 0.13920161E+35 0.17065404E+34
 0.12312288E+38 0.11247601E+38 0.22031644E+38 0.44941364E+37 0.13872452E+35 0.17140576E+34
 0.12315375E+38 0.11268799E+38 0.22069812E+38 0.44516567E+37 0.13824086E+35 0.17214910E+34
 0.12318020E+38 0.11289487E+38 0.22106966E+38 0.44093616E+37 0.13775072E+35 0.17288388E+34
 0.12320218E+38 0.11309662E+38 0.22143098E+38 0.43672535E+37 0.13725422E+35 0.17360991E+34
 0.12321967E+38 0.11329318E+38 0.22178199E+38 0.43253350E+37 0.13675145E+35 0.17432702E+34
 0.12323263E+38 0.11348450E+38 0.22212261E+38 0.42836086E+37 0.13624253E+35 0.17503503E+34
 0.12324104E+38 0.11367055E+38 0.22245276E+38 0.42420765E+37 0.13572757E+35 0.17573376E+34
 0.12324491E+38 0.11385127E+38 0.22277234E+38 0.42007527E+37 0.13520667E+35 0.17642304E+34
 0.12324412E+38 0.11402660E+38 0.22308127E+38 0.41596160E+37 0.13467994E+35 0.17710269E+34
 0.12323869E+38 0.11419651E+38 0.22337947E+38 0.41186802E+37 0.13414749E+35 0.17777255E+34
 0.12322858E+38 0.11436094E+38 0.22366684E+38 0.40779474E+37 0.13360943E+35 0.17843242E+34
 0.12321377E+38 0.11451984E+38 0.22394331E+38 0.40374196E+37 0.13306586E+35 0.17908218E+34
 0.12319421E+38 0.11467317E+38 0.22420878E+38 0.39970987E+37 0.13251691E+35 0.17972162E+34
 0.12316987E+38 0.11482086E+38 0.22446314E+38 0.39569865E+37 0.13196267E+35 0.18035059E+34
 0.12314074E+38 0.11496287E+38 0.22470635E+38 0.39170848E+37 0.13140327E+35 0.18096891E+34
 0.12310678E+38 0.11509917E+38 0.22493832E+38 0.38773954E+37 0.13083880E+35 0.18157642E+34
 0.12306794E+38 0.11522968E+38 0.22515892E+38 0.38379199E+37 0.13026937E+35 0.18217298E+34
 0.12302420E+38 0.11535436E+38 0.22536809E+38 0.37986598E+37 0.12969511E+35 0.18275842E+34
 0.12297552E+38 0.11547316E+38 0.22556573E+38 0.37596167E+37 0.12911611E+35 0.18333259E+34
 0.12292188E+38 0.11558603E+38 0.22575175E+38 0.37207921E+37 0.12853250E+35 0.18389531E+34
 0.12286323E+38 0.11569291E+38 0.22592607E+38 0.36821873E+37 0.12794436E+35 0.18444644E+34
 0.12279954E+38 0.11579375E+38 0.22608860E+38 0.36438037E+37 0.12735183E+35 0.18498584E+34
 0.12273078E+38 0.11588851E+38 0.22623925E+38 0.36056426E+37 0.12675500E+35 0.18551335E+34
 0.12265692E+38 0.11597712E+38 0.22637792E+38 0.35677052E+37 0.12615399E+35 0.18602884E+34
 0.12257791E+38 0.11605954E+38 0.22650453E+38 0.35299927E+37 0.12554891E+35 0.18653215E+34
 0.12249374E+38 0.11613572E+38 0.22661900E+38 0.34925061E+37 0.12493986E+35 0.18702313E+34
 0.12240435E+38 0.11620560E+38 0.22672123E+38 0.34552466E+37 0.12432695E+35 0.18750168E+34
 0.12230973E+38 0.11626914E+38 0.22681114E+38 0.34182151E+37 0.12371029E+35 0.18796767E+34
 0.12220982E+38 0.11632627E+38 0.22688862E+38 0.33814127E+37 0.12308999E+35 0.18842092E+34
 0.12210366E+38 0.11637601E+38 0.22695172E+38 0.33448401E+37 0.12246616E+35 0.18886131E+34
 0.12199310E+38 0.11642019E+38 0.22700411E+38 0.33084982E+37 0.12183889E+35 0.18928876E+34
 0.12187717E+38 0.11645782E+38 0.22704384E+38 0.32723879E+37 0.12120831E+35 0.18970311E+34
 0.12175582E+38 0.11648885E+38 0.22707080E+38 0.32365099E+37 0.12057454E+35 0.19010425E+34
 0.12162902E+38 0.11651322E+38 0.22708491E+38 0.32008649E+37 0.11993763E+35 0.19049207E+34
 0.12149674E+38 0.11653088E+38 0.22708608E+38 0.31654536E+37 0.11929769E+35 0.19086645E+34
 0.12135894E+38 0.11654177E+38 0.22707422E+38 0.31302765E+37 0.11865488E+35 0.19122728E+34
 0.12121559E+38 0.11654586E+38 0.22704925E+38 0.30953343E+37 0.11800926E+35 0.19157468E+34
 0.12106666E+38 0.11654309E+38 0.22701109E+38 0.30606275E+37 0.11736111E+35 0.19191006E+34
 0.12091212E+38 0.11653341E+38 0.22695965E+38 0.30261564E+37 0.11671007E+35 0.19222742E+34
 0.12075193E+38 0.11651677E+38 0.22689486E+38 0.29919218E+37 0.11605669E+35 0.19253313E+34
 0.12058605E+38 0.11649312E+38 0.22681663E+38 0.29579238E+37 0.11540092E+35 0.19282490E+34
 0.12041447E+38 0.11646242E+38 0.22672489E+38 0.29241628E+37 0.11474285E+35 0.19310223E+34
 0.12023714E+38 0.11642461E+38 0.22661954E+38 0.28906393E+37 0.11408260E+35 0.19336552E+34
 0.12005404E+38 0.11637966E+38 0.22650053E+38 0.28573534E+37 0.11342026E+35 0.19361452E+34
 0.11986514E+38 0.11632752E+38 0.22636776E+38 0.28243055E+37 0.11275594E+35 0.19384917E+34
 0.11967041E+38 0.11626813E+38 0.22622118E+38 0.27914957E+37 0.11208971E+35 0.19406941E+34
 0.11946981E+38 0.11620146E+38 0.22606070E+38 0.27589243E+37 0.11142169E+35 0.19427515E+34
 0.11926333E+38 0.11612747E+38 0.22588626E+38 0.27265913E+37 0.11075199E+35 0.19446600E+34
 0.11905093E+38 0.11604611E+38 0.22569778E+38 0.26944969E+37 0.11008066E+35 0.19464292E+34
 0.11883260E+38 0.11595734E+38 0.22549521E+38 0.26626413E+37 0.10940782E+35 0.19480473E+34
 0.11860829E+38 0.11586112E+38 0.22527847E+38 0.26310243E+37 0.10873356E+35 0.19495200E+34
 0.11837800E+38 0.11575741E+38 0.22504751E+38 0.25996461E+37 0.10805798E+35 0.19508443E+34
 0.11814169E+38 0.11564617E+38 0.22480226E+38 0.25685066E+37 0.10738115E+35 0.19520209E+34
 0.11789935E+38 0.11552738E+38 0.22454267E+38 0.25376059E+37 0.10670319E+35 0.19530494E+34
 0.11765093E+38 0.11540099E+38 0.22426869E+38 0.25069376E+37 0.10602418E+35 0.19539280E+34
 0.11739645E+38 0.11526697E+38 0.22398026E+38 0.24765141E+37 0.10534419E+35 0.19546579E+34
 0.11713588E+38 0.11512529E+38 0.22367734E+38 0.24463290E+37 0.10466333E+35 0.19552388E+34
 0.11686920E+38 0.11497592E+38 0.22335987E+38 0.24163823E+37 0.10398169E+35 0.19556705E+34
 0.11659639E+38 0.11481883E+38 0.22302782E+38 0.23866737E+37 0.10329934E+35 0.19559531E+34
 0.11631744E+38 0.11465400E+38 0.22268115E+38 0.23572031E+37 0.10261634E+35 0.19560860E+34
 0.11603234E+38 0.11448140E+38 0.22231982E+38 0.23279702E+37 0.10193286E+35 0.19560679E+34
 0.11574107E+38 0.11430101E+38 0.22194381E+38 0.22989748E+37 0.10124889E+35 0.19559000E+34
 0.11544363E+38 0.11411281E+38 0.22155308E+38 0.22702168E+37 0.10056455E+35 0.19555838E+34
 0.11514000E+38 0.11391678E+38 0.22114760E+38 0.22416957E+37 0.99879935E+34 0.19551177E+34
 0.11483019E+38 0.11371290E+38 0.22072736E+38 0.22134113E+37 0.99195096E+34 0.19545020E+34
 0.11451418E+38 0.11350116E+38 0.22029234E+38 0.21853633E+37 0.98510143E+34 0.19537370E+34
 0.11419198E+38 0.11328155E+38 0.21984253E+38 0.21575513E+37 0.97825129E+34 0.19528229E+34
 0.11386359E+38 0.11305406E+38 0.21937793E+38 0.21299750E+37 0.97140142E+34 0.19517600E+34
 0.11352900E+38 0.11281868E+38 0.21889852E+38 0.21026340E+37 0.96455257E+34 0.19505485E+34
 0.11318822E+38 0.11257541E+38 0.21840431E+38 0.20755280E+37 0.95770547E+34 0.19491889E+34
 0.11284126E+38 0.11232424E+38 0.21789531E+38 0.20486565E+37 0.95086088E+34 0.19476814E+34
 0.11248811E+38 0.11206518E+38 0.21737152E+38 0.20220191E+37 0.94401953E+34 0.19460267E+34
 0.11212881E+38 0.11179823E+38 0.21683296E+38 0.19956153E+37 0.93718213E+34 0.19442250E+34
 0.11176335E+38 0.11152341E+38 0.21627966E+38 0.19694448E+37 0.93034941E+34 0.19422770E+34
 0.11139175E+38 0.11124071E+38 0.21571165E+38 0.19435069E+37 0.92352209E+34 0.19401832E+34
 0.11101403E+38 0.11095015E+38 0.21512894E+38 0.19178013E+37 0.91670080E+34 0.19379441E+34
 0.11063019E+38 0.11065173E+38 0.21453155E+38 0.18923275E+37 0.90988626E+34 0.19355606E+34
 0.11024028E+38 0.11034550E+38 0.21391959E+38 0.18670848E+37 0.90307914E+34 0.19330332E+34
 0.10984432E+38 0.11003147E+38 0.21329306E+38 0.18420729E+37 0.89628007E+34 0.19303627E+34
 0.10944233E+38 0.10970966E+38 0.21265202E+38 0.18172911E+37 0.88948974E+34 0.19275498E+34
 0.10903434E+38 0.10938010E+38 0.21199654E+38 0.17927388E+37 0.88270876E+34 0.19245954E+34
 0.10862038E+38 0.10904281E+38 0.21132667E+38 0.17684156E+37 0.87593776E+34 0.19215003E+34
 0.10820048E+38 0.10869784E+38 0.21064249E+38 0.17443208E+37 0.86917737E+34 0.19182654E+34
 0.10777469E+38 0.10834523E+38 0.20994409E+38 0.17204538E+37 0.86242820E+34 0.19148916E+34
 0.10734305E+38 0.10798500E+38 0.20923153E+38 0.16968140E+37 0.85569084E+34 0.19113800E+34
 0.10690558E+38 0.10761722E+38 0.20850490E+38 0.16734008E+37 0.84896591E+34 0.19077314E+34
 0.10646235E+38 0.10724192E+38 0.20776432E+38 0.16502135E+37 0.84225395E+34 0.19039468E+34
 0.10601408E+38 0.10685984E+38 0.20701123E+38 0.16272515E+37 0.83555552E+34 0.19000275E+34
 0.10555946E+38 0.10646967E+38 0.20624301E+38 0.16045141E+37 0.82887120E+34 0.18959761E+34
 0.10509922E+38 0.10607215E+38 0.20546116E+38 0.15820006E+37 0.82220160E+34 0.18917908E+34
 0.10463342E+38 0.10566735E+38 0.20466578E+38 0.15597104E+37 0.81554723E+34 0.18874736E+34
 0.10416212E+38 0.10525532E+38 0.20385700E+38 0.15376427E+37 0.80890856E+34 0.18830266E+34
 0.10368538E+38 0.10483614E+38 0.20303497E+38 0.15157968E+37 0.80228613E+34 0.18784510E+34
 0.10320326E+38 0.10440988E+38 0.20219981E+38 0.14941720E+37 0.79568076E+34 0.18737480E+34
 0.10271585E+38 0.10397662E+38 0.20135168E+38 0.14727675E+37 0.78909209E+34 0.18689189E+34
 0.10222319E+38 0.10353643E+38 0.20049072E+38 0.14515826E+37 0.78252145E+34 0.18639650E+34
 0.10172537E+38 0.10308940E+38 0.19961710E+38 0.14306165E+37 0.77596932E+34 0.18588870E+34
 0.10122247E+38 0.10263562E+38 0.19873097E+38 0.14098685E+37 0.76943547E+34 0.18536860E+34
 0.10071455E+38 0.10217517E+38 0.19783251E+38 0.13893377E+37 0.76292087E+34 0.18483649E+34
 0.10020170E+38 0.10170815E+38 0.19692189E+38 0.13690233E+37 0.75642591E+34 0.18429257E+34
 0.99684014E+37 0.10123465E+38 0.19599929E+38 0.13489245E+37 0.74995105E+34 0.18373694E+34
 0.99161564E+37 0.10075478E+38 0.19506490E+38 0.13290405E+37 0.74349775E+34 0.18316714E+34
 0.98634444E+37 0.10026863E+38 0.19411893E+38 0.13093703E+37 0.73706316E+34 0.18259051E+34
 0.98102742E+37 0.99776309E+37 0.19316155E+38 0.12899133E+37 0.73065218E+34 0.18199808E+34
 0.97566560E+37 0.99277940E+37 0.19219300E+38 0.12706684E+37 0.72426068E+34 0.18139897E+34
 0.97025978E+37 0.98773613E+37 0.19121343E+38 0.12516348E+37 0.71789256E+34 0.18078664E+34
 0.96481108E+37 0.98263459E+37 0.19022311E+38 0.12328116E+37 0.71154681E+34 0.18016349E+34
 0.95932045E+37 0.97747589E+37 0.18922225E+38 0.12141978E+37 0.70522451E+34 0.17953293E+34
 0.95378892E+37 0.97226127E+37 0.18821107E+38 0.11957926E+37 0.69892473E+34 0.17888501E+34
 0.94821749E+37 0.96699189E+37 0.18718978E+38 0.11775949E+37 0.69264887E+34 0.17823063E+34
 0.94260732E+37 0.96166913E+37 0.18615864E+38 0.11596039E+37 0.68639710E+34 0.17756591E+34
 0.93695945E+37 0.95629422E+37 0.18511789E+38 0.11418186E+37 0.68016966E+34 0.17689067E+34
 0.93127498E+37 0.95086846E+37 0.18406777E+38 0.11242379E+37 0.67396704E+34 0.17620572E+34
 0.92555530E+37 0.94539346E+37 0.18300857E+38 0.11068609E+37 0.66778905E+34 0.17551190E+34
 0.91980101E+37 0.93987004E+37 0.18194044E+38 0.10896866E+37 0.66163663E+34 0.17480811E+34
 0.91401374E+37 0.93430010E+37 0.18086374E+38 0.10727139E+37 0.65550987E+34 0.17409503E+34
 0.90819416E+37 0.92868439E+37 0.17977861E+38 0.10559418E+37 0.64940907E+34 0.17337284E+34
 0.90234385E+37 0.92302484E+37 0.17868540E+38 0.10393692E+37 0.64333441E+34 0.17264172E+34
 0.89646391E+37 0.91732275E+37 0.17758436E+38 0.10229950E+37 0.63728653E+34 0.17190185E+34
 0.89055553E+37 0.91157954E+37 0.17647575E+38 0.10068182E+37 0.63126541E+34 0.17115341E+34
 0.88461996E+37 0.90579673E+37 0.17535985E+38 0.99083773E+36 0.62527131E+34 0.17039655E+34
 0.87865842E+37 0.89997575E+37 0.17423692E+38 0.97505237E+36 0.61930453E+34 0.16963152E+34
 0.87267215E+37 0.89411811E+37 0.17310724E+38 0.95946105E+36 0.61336541E+34 0.16885846E+34
 0.86666237E+37 0.88822530E+37 0.17197109E+38 0.94406260E+36 0.60745415E+34 0.16807756E+34
 0.86063037E+37 0.88229882E+37 0.17082875E+38 0.92885589E+36 0.60157113E+34 0.16728901E+34
 0.85457740E+37 0.87634020E+37 0.16968050E+38 0.91383974E+36 0.59571615E+34 0.16649299E+34
 0.84850471E+37 0.87035096E+37 0.16852661E+38 0.89901297E+36 0.58989000E+34 0.16568971E+34
 0.84241360E+37 0.86433261E+37 0.16736737E+38 0.88437438E+36 0.58409265E+34 0.16487930E+34
 0.83629410E+37 0.85827181E+37 0.16620048E+38 0.86992276E+36 0.57832430E+34 0.16406201E+34
 0.83017000E+37 0.85220004E+37 0.16503142E+38 0.85565688E+36 0.57258516E+34 0.16323799E+34
 0.82403122E+37 0.84610373E+37 0.16385786E+38 0.84157412E+36 0.56687546E+34 0.16240744E+34
 0.81787911E+37 0.83998444E+37 0.16268007E+38 0.82767604E+36 0.56119539E+34 0.16157054E+34
 0.81171496E+37 0.83384378E+37 0.16149835E+38 0.81395996E+36 0.55554514E+34 0.16072748E+34
 0.80553995E+37 0.82768318E+37 0.16031297E+38 0.80042460E+36 0.54992491E+34 0.15987844E+34
 0.79935537E+37 0.82150421E+37 0.15912422E+38 0.78706868E+36 0.54433486E+34 0.15902361E+34
 0.79316247E+37 0.81530838E+37 0.15793238E+38 0.77389091E+36 0.53877519E+34 0.15816317E+34
 0.78696252E+37 0.80909720E+37 0.15673773E+38 0.76088996E+36 0.53324602E+34 0.15729733E+34
 0.78075674E+37 0.80287219E+37 0.15554053E+38 0.74806453E+36 0.52774755E+34 0.15642624E+34
 0.77454638E+37 0.79663482E+37 0.15434108E+38 0.73541327E+36 0.52227991E+34 0.15555009E+34
 0.76833265E+37 0.79038659E+37 0.15313964E+38 0.72293484E+36 0.51684325E+34 0.15466908E+34
 0.76212949E+37 0.78414588E+37 0.15193942E+38 0.71062789E+36 0.51143774E+34 0.15378338E+34
 0.75591255E+37 0.77788016E+37 0.15073479E+38 0.69849105E+36 0.50606352E+34 0.15289318E+34
 0.74969586E+37 0.77160795E+37 0.14952898E+38 0.68652295E+36 0.50072074E+34 0.15199865E+34
 0.74348055E+37 0.76533063E+37 0.14832226E+38 0.67472220E+36 0.49540953E+34 0.15109998E+34
 0.73726785E+37 0.75904968E+37 0.14711488E+38 0.66308742E+36 0.49012998E+34 0.15019734E+34
 0.73105885E+37 0.75276642E+37 0.14590709E+38 0.65161719E+36 0.48488222E+34 0.14929091E+34
 0.72485472E+37 0.74648228E+37 0.14469916E+38 0.64031011E+36 0.47966639E+34 0.14838087E+34
 0.71865655E+37 0.74019858E+37 0.14349133E+38 0.62916476E+36 0.47448259E+34 0.14746739E+34
 0.71246556E+37 0.73391680E+37 0.14228388E+38 0.61817971E+36 0.46933093E+34 0.14655065E+34
 0.70628262E+37 0.72763798E+37 0.14107700E+38 0.60735352E+36 0.46421152E+34 0.14563082E+34
 0.70010889E+37 0.72136354E+37 0.13987095E+38 0.59668476E+36 0.45912444E+34 0.14470807E+34
 0.69394542E+37 0.71509475E+37 0.13866596E+38 0.58617198E+36 0.45406983E+34 0.14378257E+34
 0.68779338E+37 0.70883284E+37 0.13746228E+38 0.57581802E+36 0.44904775E+34 0.14285449E+34
 0.68165348E+37 0.70257905E+37 0.13626011E+38 0.56561274E+36 0.44405824E+34 0.14192401E+34
 0.67552684E+37 0.69633454E+37 0.13505969E+38 0.55555906E+36 0.43910150E+34 0.14099127E+34
 0.66941445E+37 0.69010052E+37 0.13386123E+38 0.54565551E+36 0.43417758E+34 0.14005646E+34
 0.66331722E+37 0.68387809E+37 0.13266494E+38 0.53590061E+36 0.42928656E+34 0.13911973E+34
 0.65723608E+37 0.67766838E+37 0.13147103E+38 0.52629289E+36 0.42442847E+34 0.13818123E+34
 0.65117195E+37 0.67147249E+37 0.13027971E+38 0.51683087E+36 0.41960344E+34 0.13724115E+34
 0.64512568E+37 0.66529147E+37 0.12909117E+38 0.50751305E+36 0.41481152E+34 0.13629962E+34
 0.63909814E+37 0.65912635E+37 0.12790560E+38 0.49833795E+36 0.41005277E+34 0.13535680E+34
 0.63309019E+37 0.65297818E+37 0.12672319E+38 0.48930408E+36 0.40532727E+34 0.13441286E+34
 0.62710254E+37 0.64684785E+37 0.12554412E+38 0.48040995E+36 0.40063508E+34 0.13346793E+34
 0.62113607E+37 0.64073637E+37 0.12436858E+38 0.47165406E+36 0.39597629E+34 0.13252218E+34
 0.61518133E+37 0.63463109E+37 0.12319438E+38 0.46303491E+36 0.39135084E+34 0.13157575E+34
 0.60925955E+37 0.62856022E+37 0.12202643E+38 0.45455102E+36 0.38675891E+34 0.13062879E+34
 0.60336113E+37 0.62251085E+37 0.12086250E+38 0.44620089E+36 0.38220052E+34 0.12968144E+34
 0.59748679E+37 0.61648386E+37 0.11970274E+38 0.43798301E+36 0.37767577E+34 0.12873385E+34
 0.59163720E+37 0.61048007E+37 0.11854734E+38 0.42989590E+36 0.37318451E+34 0.12778615E+34
 0.58581299E+37 0.60450024E+37 0.11739647E+38 0.42193805E+36 0.36872698E+34 0.12683849E+34
 0.58002444E+37 0.59855795E+37 0.11624791E+38 0.41410799E+36 0.36430311E+34 0.12589101E+34
 0.57424335E+37 0.59261561E+37 0.11510861E+38 0.40640422E+36 0.35991310E+34 0.12494383E+34
 0.56849898E+37 0.58671211E+37 0.11397198E+38 0.39882524E+36 0.35555680E+34 0.12399709E+34
 0.56278240E+37 0.58083546E+37 0.11284037E+38 0.39136959E+36 0.35123428E+34 0.12305092E+34
 0.55709411E+37 0.57498629E+37 0.11171391E+38 0.38403576E+36 0.34694565E+34 0.12210546E+34
 0.55143465E+37 0.56916523E+37 0.11059272E+38 0.37682229E+36 0.34269092E+34 0.12116082E+34
 0.54580452E+37 0.56337289E+37 0.10947692E+38 0.36972769E+36 0.33847006E+34 0.12021713E+34
 0.54020418E+37 0.55760982E+37 0.10836661E+38 0.36275051E+36 0.33428314E+34 0.11927452E+34
 0.53463410E+37 0.55187660E+37 0.10726190E+38 0.35588926E+36 0.33013018E+34 0.11833311E+34
 0.52909470E+37 0.54617372E+37 0.10616288E+38 0.34914250E+36 0.32601112E+34 0.11739301E+34
 0.52358641E+37 0.54050172E+37 0.10506966E+38 0.34250877E+36 0.32192606E+34 0.11645434E+34
 0.51810964E+37 0.53486105E+37 0.10398233E+38 0.33598661E+36 0.31787499E+34 0.11551721E+34
 0.51266474E+37 0.52925219E+37 0.10290098E+38 0.32957458E+36 0.31385791E+34 0.11458174E+34
 0.50725208E+37 0.52367556E+37 0.10182568E+38 0.32327125E+36 0.30987483E+34 0.11364804E+34
 0.50187200E+37 0.51813157E+37 0.10075653E+38 0.31707518E+36 0.30592574E+34 0.11271621E+34
 0.49652482E+37 0.51262060E+37 0.99693583E+37 0.31098495E+36 0.30201064E+34 0.11178636E+34
 0.49121086E+37 0.50714304E+37 0.98636929E+37 0.30499914E+36 0.29812954E+34 0.11085859E+34
 0.48593048E+37 0.50169931E+37 0.97586645E+37 0.29911636E+36 0.29428241E+34 0.10993301E+34
 0.48068371E+37 0.49628949E+37 0.96542750E+37 0.29333518E+36 0.29046926E+34 0.10900972E+34
 0.47547104E+37 0.49091415E+37 0.95505352E+37 0.28765423E+36 0.28669006E+34 0.10808880E+34
 0.47029265E+37 0.48557348E+37 0.94474494E+37 0.28207211E+36 0.28294480E+34 0.10717037E+34
 0.46514875E+37 0.48026777E+37 0.93450229E+37 0.27658745E+36 0.27923345E+34 0.10625450E+34
 0.46004277E+37 0.47500143E+37 0.92433249E+37 0.27119890E+36 0.27555599E+34 0.10534130E+34
 0.45496832E+37 0.46976628E+37 0.91422345E+37 0.26590508E+36 0.27191239E+34 0.10443085E+34
 0.44992920E+37 0.46456687E+37 0.90418142E+37 0.26070757E+36 0.26830263E+34 0.10352323E+34
 0.44492505E+37 0.45940312E+37 0.89420735E+37 0.25559913E+36 0.26472665E+34 0.10261854E+34
 0.43995642E+37 0.45427560E+37 0.88430134E+37 0.25058142E+36 0.26118443E+34 0.10171685E+34
 0.43502337E+37 0.44918435E+37 0.87446393E+37 0.24565312E+36 0.25767591E+34 0.10081825E+34
 0.43012600E+37 0.44412951E+37 0.86469540E+37 0.24081291E+36 0.25420105E+34 0.99922808E+33
 0.42526446E+37 0.43911126E+37 0.85499610E+37 0.23605951E+36 0.25075981E+34 0.99030612E+33
 0.42044006E+37 0.43413131E+37 0.84536433E+37 0.23139162E+36 0.24735211E+34 0.98141732E+33
 0.41565173E+37 0.42918828E+37 0.83581216E+37 0.22680797E+36 0.24397791E+34 0.97256241E+33
 0.41089614E+37 0.42427765E+37 0.82632410E+37 0.22230730E+36 0.24063717E+34 0.96374210E+33
 0.40618213E+37 0.41940639E+37 0.81689278E+37 0.21788834E+36 0.23732975E+34 0.95495708E+33
 0.40149700E+37 0.41457245E+37 0.80754662E+37 0.21354986E+36 0.23405562E+34 0.94620802E+33
 0.39685206E+37 0.40977585E+37 0.79826767E+37 0.20929063E+36 0.23081471E+34 0.93749556E+33
 0.39224342E+37 0.40501646E+37 0.78905928E+37 0.20510943E+36 0.22760693E+34 0.92882034E+33
 0.38767120E+37 0.40029443E+37 0.77992193E+37 0.20100504E+36 0.22443220E+34 0.92018298E+33
 0.38313549E+37 0.39560679E+37 0.77085843E+37 0.19697628E+36 0.22129043E+34 0.91158406E+33
 0.37863597E+37 0.39096241E+37 0.76186017E+37 0.19302196E+36 0.21818152E+34 0.90302417E+33
 0.37417295E+37 0.38635248E+37 0.75293589E+37 0.18914091E+36 0.21510537E+34 0.89450386E+33
 0.36974637E+37 0.38177995E+37 0.74408283E+37 0.18533196E+36 0.21205839E+34 0.88602367E+33
 0.36535622E+37 0.37724488E+37 0.73530092E+37 0.18159397E+36 0.20904754E+34 0.87758412E+33
 0.36100242E+37 0.37274713E+37 0.72659041E+37 0.17792581E+36 0.20606914E+34 0.86918572E+33
 0.35668503E+37 0.36828683E+37 0.71795112E+37 0.17432634E+36 0.20312308E+34 0.86082895E+33
 0.35240399E+37 0.36386391E+37 0.70938300E+37 0.17079447E+36 0.20020924E+34 0.85251429E+33
 0.34815927E+37 0.35947835E+37 0.70088616E+37 0.16732908E+36 0.19732750E+34 0.84424218E+33
 0.34395084E+37 0.35513011E+37 0.69246051E+37 0.16392910E+36 0.19447773E+34 0.83601307E+33
 0.33978006E+37 0.35082106E+37 0.68410268E+37 0.16059345E+36 0.19165979E+34 0.82782737E+33
 0.33564260E+37 0.34654543E+37 0.67582258E+37 0.15732107E+36 0.18887357E+34 0.81968548E+33
 0.33154577E+37 0.34230891E+37 0.66760712E+37 0.15411090E+36 0.18611891E+34 0.81158780E+33
 0.32747888E+37 0.33810954E+37 0.65946867E+37 0.15096193E+36 0.18339567E+34 0.80353470E+33
 0.32345101E+37 0.33394717E+37 0.65139809E+37 0.14787311E+36 0.18070371E+34 0.79552653E+33
 0.31945907E+37 0.32982183E+37 0.64339818E+37 0.14484343E+36 0.17804288E+34 0.78756363E+33
 0.31550297E+37 0.32573340E+37 0.63546887E+37 0.14187191E+36 0.17541302E+34 0.77964632E+33
 0.31158263E+37 0.32168181E+37 0.62761003E+37 0.13895755E+36 0.17281397E+34 0.77177493E+33
 0.30769794E+37 0.31766697E+37 0.61982151E+37 0.13609938E+36 0.17024558E+34 0.76394974E+33
 0.30384880E+37 0.31368878E+37 0.61210318E+37 0.13329644E+36 0.16770767E+34 0.75617103E+33
 0.30003516E+37 0.30974715E+37 0.60445484E+37 0.13054778E+36 0.16520008E+34 0.74843908E+33
 0.29625686E+37 0.30584198E+37 0.59687635E+37 0.12785246E+36 0.16272262E+34 0.74075413E+33
 0.29251383E+37 0.30197316E+37 0.58936752E+37 0.12520956E+36 0.16027514E+34 0.73311643E+33
 0.28880594E+37 0.29814058E+37 0.58192817E+37 0.12261817E+36 0.15785745E+34 0.72552620E+33
 0.28513307E+37 0.29434413E+37 0.57455808E+37 0.12007738E+36 0.15546936E+34 0.71798365E+33
 0.28149513E+37 0.29058370E+37 0.56725704E+37 0.11758632E+36 0.15311068E+34 0.71048899E+33
 0.27789195E+37 0.28685912E+37 0.56002489E+37 0.11514410E+36 0.15078124E+34 0.70304240E+33
 0.27432344E+37 0.28317031E+37 0.55286135E+37 0.11274987E+36 0.14848083E+34 0.69564406E+33
 0.27078945E+37 0.27951713E+37 0.54576620E+37 0.11040276E+36 0.14620926E+34 0.68829412E+33
 0.26728986E+37 0.27589944E+37 0.53873921E+37 0.10810196E+36 0.14396633E+34 0.68099274E+33
 0.26382453E+37 0.27231711E+37 0.53178012E+37 0.10584661E+36 0.14175185E+34 0.67374006E+33
 0.26039330E+37 0.26876998E+37 0.52488869E+37 0.10363593E+36 0.13956560E+34 0.66653620E+33
 0.25699605E+37 0.26525793E+37 0.51806466E+37 0.10146909E+36 0.13740738E+34 0.65938128E+33
 0.25363262E+37 0.26178078E+37 0.51130774E+37 0.99345303E+35 0.13527699E+34 0.65227540E+33
 0.25030287E+37 0.25833841E+37 0.50461769E+37 0.97263799E+35 0.13317420E+34 0.64521865E+33
 0.24700663E+37 0.25493064E+37 0.49799420E+37 0.95223806E+35 0.13109881E+34 0.63821112E+33
 0.24374376E+37 0.25155733E+37 0.49143700E+37 0.93224633E+35 0.12905060E+34 0.63125289E+33
 0.24051408E+37 0.24821831E+37 0.48494580E+37 0.91265400E+35 0.12702935E+34 0.62434400E+33
 0.23731745E+37 0.24491342E+37 0.47852028E+37 0.89345443E+35 0.12503485E+34 0.61748452E+33
 0.23415370E+37 0.24164249E+37 0.47216016E+37 0.87464037E+35 0.12306687E+34 0.61067448E+33
 0.23102266E+37 0.23840535E+37 0.46586511E+37 0.85620471E+35 0.12112518E+34 0.60391392E+33
 0.22792416E+37 0.23520184E+37 0.45963483E+37 0.83814046E+35 0.11920956E+34 0.59720286E+33
 0.22485803E+37 0.23203176E+37 0.45346897E+37 0.82044071E+35 0.11731979E+34 0.59054131E+33
 0.22182409E+37 0.22889496E+37 0.44736724E+37 0.80309867E+35 0.11545564E+34 0.58392929E+33
 0.21882218E+37 0.22579125E+37 0.44132929E+37 0.78610767E+35 0.11361687E+34 0.57736678E+33
 0.21585211E+37 0.22272045E+37 0.43535479E+37 0.76946113E+35 0.11180325E+34 0.57085377E+33
 0.21291369E+37 0.21968238E+37 0.42944339E+37 0.75315258E+35 0.11001456E+34 0.56439024E+33
 0.21000676E+37 0.21667684E+37 0.42359476E+37 0.73717565E+35 0.10825056E+34 0.55797617E+33
 0.20713112E+37 0.21370365E+37 0.41780853E+37 0.72152408E+35 0.10651101E+34 0.55161152E+33
 0.20428658E+37 0.21076262E+37 0.41208434E+37 0.70619171E+35 0.10479569E+34 0.54529624E+33
 0.20147297E+37 0.20785358E+37 0.40642189E+37 0.69117248E+35 0.10310434E+34 0.53903028E+33
 0.19869008E+37 0.20497630E+37 0.40082075E+37 0.67646044E+35 0.10143674E+34 0.53281359E+33
 0.19593773E+37 0.20213060E+37 0.39528058E+37 0.66204971E+35 0.99792655E+33 0.52664609E+33
 0.19321572E+37 0.19931628E+37 0.38980100E+37 0.64793453E+35 0.98171837E+33 0.52052771E+33
 0.19052386E+37 0.19653314E+37 0.38438164E+37 0.63410924E+35 0.96574052E+33 0.51445838E+33
 0.18786195E+37 0.19378098E+37 0.37902213E+37 0.62056826E+35 0.94999062E+33 0.50843801E+33
 0.18522980E+37 0.19105960E+37 0.37372209E+37 0.60730612E+35 0.93446627E+33 0.50246650E+33
 0.18262720E+37 0.18836879E+37 0.36848113E+37 0.59431742E+35 0.91916508E+33 0.49654376E+33
 0.18005395E+37 0.18570835E+37 0.36329886E+37 0.58159687E+35 0.90408467E+33 0.49066969E+33
 0.17750985E+37 0.18307808E+37 0.35817490E+37 0.56913928E+35 0.88922264E+33 0.48484416E+33
 0.17499470E+37 0.18047776E+37 0.35310885E+37 0.55693952E+35 0.87457661E+33 0.47906707E+33
 0.17250830E+37 0.17790718E+37 0.34810032E+37 0.54499257E+35 0.86014419E+33 0.47333829E+33
 0.17005044E+37 0.17536614E+37 0.34314891E+37 0.53329349E+35 0.84592300E+33 0.46765771E+33
 0.16762090E+37 0.17285442E+37 0.33825422E+37 0.52183743E+35 0.83191065E+33 0.46202518E+33
 0.16521950E+37 0.17037182E+37 0.33341584E+37 0.51061962E+35 0.81810478E+33 0.45644056E+33
 0.16284577E+37 0.16791787E+37 0.32863291E+37 0.49963538E+35 0.80450300E+33 0.45090373E+33
 0.16050000E+37 0.16549284E+37 0.32390596E+37 0.48888011E+35 0.79110296E+33 0.44541452E+33
 0.15818172E+37 0.16309628E+37 0.31923411E+37 0.47834928E+35 0.77790230E+33 0.43997280E+33
 0.15589073E+37 0.16072798E+37 0.31461695E+37 0.46803846E+35 0.76489867E+33 0.43457840E+33
 0.15362682E+37 0.15838771E+37 0.31005406E+37 0.45794329E+35 0.75208973E+33 0.42923118E+33
 0.15138978E+37 0.15607525E+37 0.30554504E+37 0.44805949E+35 0.73947313E+33 0.42393095E+33
 0.14917939E+37 0.15379039E+37 0.30108947E+37 0.43838285E+35 0.72704657E+33 0.41867756E+33
 0.14699545E+37 0.15153292E+37 0.29668693E+37 0.42890924E+35 0.71480772E+33 0.41347084E+33
 0.14483773E+37 0.14930260E+37 0.29233700E+37 0.41963461E+35 0.70275428E+33 0.40831061E+33
 0.14270603E+37 0.14709923E+37 0.28803928E+37 0.41055498E+35 0.69088395E+33 0.40319670E+33
 0.14060013E+37 0.14492258E+37 0.28379333E+37 0.40166644E+35 0.67919447E+33 0.39812892E+33
 0.13851983E+37 0.14277244E+37 0.27959875E+37 0.39296516E+35 0.66768355E+33 0.39310709E+33
 0.13646490E+37 0.14064857E+37 0.27545510E+37 0.38444737E+35 0.65634894E+33 0.38813102E+33
 0.13443513E+37 0.13855077E+37 0.27136197E+37 0.37610937E+35 0.64518840E+33 0.38320052E+33
 0.13243030E+37 0.13647880E+37 0.26731894E+37 0.36794754E+35 0.63419971E+33 0.37831541E+33
 0.13045022E+37 0.13443246E+37 0.26332559E+37 0.35995832E+35 0.62338063E+33 0.37347548E+33
 0.12849465E+37 0.13241152E+37 0.25938149E+37 0.35213822E+35 0.61272899E+33 0.36868055E+33
 0.12656338E+37 0.13041575E+37 0.25548622E+37 0.34448379E+35 0.60224258E+33 0.36393039E+33
 0.12465621E+37 0.12844494E+37 0.25163937E+37 0.33699169E+35 0.59191925E+33 0.35922483E+33
 0.12277292E+37 0.12649887E+37 0.24784050E+37 0.32965860E+35 0.58175683E+33 0.35456365E+33
 0.12091329E+37 0.12457732E+37 0.24408920E+37 0.32248130E+35 0.57175319E+33 0.34994664E+33
 0.11907712E+37 0.12268006E+37 0.24038504E+37 0.31545660E+35 0.56190620E+33 0.34537359E+33
 0.11726418E+37 0.12080688E+37 0.23672761E+37 0.30858138E+35 0.55221378E+33 0.34084431E+33
 0.11547427E+37 0.11895756E+37 0.23311648E+37 0.30185258E+35 0.54267381E+33 0.33635856E+33
 0.11370717E+37 0.11713187E+37 0.22955123E+37 0.29526722E+35 0.53328425E+33 0.33191615E+33
 0.11196267E+37 0.11532961E+37 0.22603145E+37 0.28882233E+35 0.52404303E+33 0.32751685E+33
 0.11024057E+37 0.11355055E+37 0.22255671E+37 0.28251504E+35 0.51494812E+33 0.32316046E+33
 0.10854065E+37 0.11179447E+37 0.21912661E+37 0.27634252E+35 0.50599751E+33 0.31884674E+33
 0.10686270E+37 0.11006115E+37 0.21574071E+37 0.27030198E+35 0.49718919E+33 0.31457549E+33
 0.10520651E+37 0.10835039E+37 0.21239861E+37 0.26439071E+35 0.48852120E+33 0.31034648E+33
 0.10357188E+37 0.10666196E+37 0.20909989E+37 0.25860604E+35 0.47999156E+33 0.30615949E+33
 0.10195859E+37 0.10499564E+37 0.20584414E+37 0.25294534E+35 0.47159834E+33 0.30201430E+33
 0.10036644E+37 0.10335123E+37 0.20263094E+37 0.24740606E+35 0.46333963E+33 0.29791069E+33
 0.98795215E+36 0.10172851E+37 0.19945988E+37 0.24198566E+35 0.45521350E+33 0.29384843E+33
 0.97244721E+36 0.10012726E+37 0.19633056E+37 0.23668169E+35 0.44721809E+33 0.28982730E+33
 0.95714743E+36 0.98547280E+36 0.19324256E+37 0.23149172E+35 0.43935151E+33 0.28584705E+33
 0.94205081E+36 0.96988347E+36 0.19019548E+37 0.22641338E+35 0.43161196E+33 0.28190750E+33
 0.92715531E+36 0.95450255E+36 0.18718891E+37 0.22144434E+35 0.42399758E+33 0.27800840E+33
 0.91245890E+36 0.93932793E+36 0.18422244E+37 0.21658233E+35 0.41650658E+33 0.27414952E+33
 0.89795958E+36 0.92435752E+36 0.18129568E+37 0.21182511E+35 0.40913718E+33 0.27033065E+33
 0.88365531E+36 0.90958923E+36 0.17840823E+37 0.20717049E+35 0.40188761E+33 0.26655154E+33
 0.86954413E+36 0.89502101E+36 0.17555968E+37 0.20261632E+35 0.39475612E+33 0.26281197E+33
 0.85562403E+36 0.88065079E+36 0.17274964E+37 0.19816049E+35 0.38774099E+33 0.25911172E+33
 0.84189304E+36 0.86647651E+36 0.16997772E+37 0.19380095E+35 0.38084052E+33 0.25545055E+33
 0.82834919E+36 0.85249613E+36 0.16724352E+37 0.18953567E+35 0.37405302E+33 0.25182824E+33
 0.81499052E+36 0.83870763E+36 0.16454664E+37 0.18536266E+35 0.36737682E+33 0.24824455E+33
 0.80181509E+36 0.82510898E+36 0.16188671E+37 0.18128000E+35 0.36081029E+33 0.24469927E+33
 0.78882097E+36 0.81169816E+36 0.15926333E+37 0.17728577E+35 0.35435179E+33 0.24119215E+33
 0.77600622E+36 0.79847319E+36 0.15667612E+37 0.17337811E+35 0.34799973E+33 0.23772297E+33
 0.76336893E+36 0.78543208E+36 0.15412470E+37 0.16955519E+35 0.34175251E+33 0.23429151E+33
 0.75090721E+36 0.77257285E+36 0.15160868E+37 0.16581523E+35 0.33560858E+33 0.23089752E+33
 0.73861917E+36 0.75989354E+36 0.14912768E+37 0.16215647E+35 0.32956638E+33 0.22754079E+33
 0.72650292E+36 0.74739219E+36 0.14668134E+37 0.15857718E+35 0.32362439E+33 0.22422108E+33
 0.71455659E+36 0.73506687E+36 0.14426927E+37 0.15507569E+35 0.31778111E+33 0.22093817E+33
 0.70277834E+36 0.72291564E+36 0.14189111E+37 0.15165035E+35 0.31203503E+33 0.21769181E+33
 0.69116631E+36 0.71093660E+36 0.13954647E+37 0.14829954E+35 0.30638471E+33 0.21448180E+33
 0.67971869E+36 0.69912783E+36 0.13723501E+37 0.14502168E+35 0.30082868E+33 0.21130789E+33
 0.66843364E+36 0.68748745E+36 0.13495635E+37 0.14181521E+35 0.29536553E+33 0.20816986E+33
 0.65730936E+36 0.67601358E+36 0.13271012E+37 0.13867862E+35 0.28999382E+33 0.20506748E+33
 0.64634406E+36 0.66470435E+36 0.13049597E+37 0.13561042E+35 0.28471219E+33 0.20200052E+33
 0.63553596E+36 0.65355791E+36 0.12831355E+37 0.13260916E+35 0.27951924E+33 0.19896875E+33
 0.62488327E+36 0.64257241E+36 0.12616249E+37 0.12967339E+35 0.27441363E+33 0.19597194E+33
 0.61438426E+36 0.63174604E+36 0.12404244E+37 0.12680173E+35 0.26939401E+33 0.19300987E+33
 0.60403717E+36 0.62107697E+36 0.12195305E+37 0.12399281E+35 0.26445907E+33 0.19008230E+33
 0.59384026E+36 0.61056340E+36 0.11989398E+37 0.12124528E+35 0.25960751E+33 0.18718900E+33
 0.58379183E+36 0.60020355E+36 0.11786488E+37 0.11855783E+35 0.25483805E+33 0.18432975E+33
 0.57389016E+36 0.58999563E+36 0.11586539E+37 0.11592917E+35 0.25014942E+33 0.18150432E+33
 0.56413356E+36 0.57993789E+36 0.11389520E+37 0.11335805E+35 0.24554036E+33 0.17871247E+33
 0.55452034E+36 0.57002857E+36 0.11195394E+37 0.11084322E+35 0.24100966E+33 0.17595399E+33
 0.54504884E+36 0.56026594E+36 0.11004130E+37 0.10838349E+35 0.23655610E+33 0.17322863E+33
 0.53571740E+36 0.55064827E+36 0.10815694E+37 0.10597767E+35 0.23217847E+33 0.17053618E+33
 0.52652437E+36 0.54117386E+36 0.10630051E+37 0.10362459E+35 0.22787561E+33 0.16787639E+33
 0.51746813E+36 0.53184100E+36 0.10447171E+37 0.10132313E+35 0.22364635E+33 0.16524905E+33
 0.50854705E+36 0.52264802E+36 0.10267020E+37 0.99072174E+34 0.21948954E+33 0.16265392E+33
 0.49975954E+36 0.51359323E+36 0.10089565E+37 0.96870633E+34 0.21540405E+33 0.16009078E+33
 0.49110399E+36 0.50467498E+36 0.99147751E+36 0.94717444E+34 0.21138876E+33 0.15755938E+33
 0.48257882E+36 0.49589164E+36 0.97426180E+36 0.92611562E+34 0.20744258E+33 0.15505950E+33
 0.47418248E+36 0.48724155E+36 0.95730621E+36 0.90551967E+34 0.20356444E+33 0.15259093E+33
 0.46591339E+36 0.47872312E+36 0.94060761E+36 0.88537660E+34 0.19975325E+33 0.15015341E+33
 0.45777002E+36 0.47033472E+36 0.92416289E+36 0.86567663E+34 0.19600797E+33 0.14774673E+33
 0.44975085E+36 0.46207477E+36 0.90796897E+36 0.84641016E+34 0.19232756E+33 0.14537065E+33
 0.44185434E+36 0.45394169E+36 0.89202278E+36 0.82756783E+34 0.18871100E+33 0.14302493E+33
 0.43407900E+36 0.44593391E+36 0.87632130E+36 0.80914045E+34 0.18515728E+33 0.14070936E+33
 0.42642333E+36 0.43804988E+36 0.86086150E+36 0.79111903E+34 0.18166540E+33 0.13842369E+33
 0.41888585E+36 0.43028806E+36 0.84564042E+36 0.77349478E+34 0.17823440E+33 0.13616770E+33
 0.41146510E+36 0.42264691E+36 0.83065507E+36 0.75625908E+34 0.17486331E+33 0.13394115E+33
 0.40415961E+36 0.41512493E+36 0.81590253E+36 0.73940350E+34 0.17155116E+33 0.13174381E+33
 0.39696795E+36 0.40772062E+36 0.80137989E+36 0.72291979E+34 0.16829704E+33 0.12957544E+33
 0.38988868E+36 0.40043248E+36 0.78708426E+36 0.70679988E+34 0.16510002E+33 0.12743582E+33
 0.38292038E+36 0.39325903E+36 0.77301277E+36 0.69103584E+34 0.16195918E+33 0.12532472E+33
 0.37606165E+36 0.38619882E+36 0.75916258E+36 0.67561996E+34 0.15887363E+33 0.12324188E+33
 0.36931109E+36 0.37925040E+36 0.74553089E+36 0.66054465E+34 0.15584249E+33 0.12118709E+33
 0.36266732E+36 0.37241232E+36 0.73211490E+36 0.64580249E+34 0.15286489E+33 0.11916011E+33
 0.35612897E+36 0.36568316E+36 0.71891184E+36 0.63138624E+34 0.14993997E+33 0.11716071E+33
 0.34969468E+36 0.35906150E+36 0.70591897E+36 0.61728879E+34 0.14706688E+33 0.11518864E+33
 0.34336310E+36 0.35254595E+36 0.69313358E+36 0.60350319E+34 0.14424479E+33 0.11324368E+33
 0.33713290E+36 0.34613512E+36 0.68055296E+36 0.59002264E+34 0.14147288E+33 0.11132558E+33
 0.33100276E+36 0.33982764E+36 0.66817446E+36 0.57684048E+34 0.13875035E+33 0.10943412E+33
 0.32497136E+36 0.33362213E+36 0.65599541E+36 0.56395020E+34 0.13607639E+33 0.10756905E+33
 0.31903740E+36 0.32751725E+36 0.64401320E+36 0.55134541E+34 0.13345022E+33 0.10573014E+33
 0.31319961E+36 0.32151167E+36 0.63222523E+36 0.53901989E+34 0.13087107E+33 0.10391716E+33
 0.30745669E+36 0.31560404E+36 0.62062891E+36 0.52696753E+34 0.12833817E+33 0.10212986E+33
 0.30180739E+36 0.30979307E+36 0.60922170E+36 0.51518235E+34 0.12585077E+33 0.10036802E+33
 0.29625045E+36 0.30407745E+36 0.59800107E+36 0.50365850E+34 0.12340814E+33 0.98631385E+32
 0.29078464E+36 0.29845589E+36 0.58696450E+36 0.49239026E+34 0.12100953E+33 0.96919728E+32
 0.28540873E+36 0.29292710E+36 0.57610953E+36 0.48137204E+34 0.11865425E+33 0.95232810E+32
 0.28012148E+36 0.28748984E+36 0.56543367E+36 0.47059835E+34 0.11634156E+33 0.93570393E+32
 0.27492171E+36 0.28214284E+36 0.55493451E+36 0.46006384E+34 0.11407079E+33 0.91932240E+32
 0.26980821E+36 0.27688486E+36 0.54460961E+36 0.44976326E+34 0.11184124E+33 0.90318113E+32
 0.26477981E+36 0.27171467E+36 0.53445660E+36 0.43969147E+34 0.10965223E+33 0.88727775E+32
 0.25983531E+36 0.26663106E+36 0.52447310E+36 0.42984346E+34 0.10750309E+33 0.87160988E+32
 0.25497358E+36 0.26163282E+36 0.51465676E+36 0.42021431E+34 0.10539317E+33 0.85617514E+32
 0.25019345E+36 0.25671875E+36 0.50500527E+36 0.41079921E+34 0.10332182E+33 0.84097117E+32
 0.24549379E+36 0.25188768E+36 0.49551631E+36 0.40159346E+34 0.10128840E+33 0.82599558E+32
 0.24087346E+36 0.24713843E+36 0.48618762E+36 0.39259246E+34 0.99292288E+32 0.81124602E+32
 0.23633136E+36 0.24246984E+36 0.47701693E+36 0.38379170E+34 0.97332853E+32 0.79672010E+32
 0.23186638E+36 0.23788077E+36 0.46800201E+36 0.37518678E+34 0.95409490E+32 0.78241547E+32
 0.22747741E+36 0.23337008E+36 0.45914064E+36 0.36677339E+34 0.93521595E+32 0.76832975E+32
 0.22316339E+36 0.22893665E+36 0.45043065E+36 0.35854731E+34 0.91668577E+32 0.75446058E+32
 0.21892323E+36 0.22457936E+36 0.44186985E+36 0.35050441E+34 0.89849852E+32 0.74080561E+32
 0.21475587E+36 0.22029711E+36 0.43345611E+36 0.34264067E+34 0.88064843E+32 0.72736248E+32
 0.21066027E+36 0.21608882E+36 0.42518730E+36 0.33495212E+34 0.86312984E+32 0.71412884E+32
 0.20663537E+36 0.21195340E+36 0.41706131E+36 0.32743491E+34 0.84593717E+32 0.70110234E+32
 0.20268016E+36 0.20788979E+36 0.40907607E+36 0.32008526E+34 0.82906492E+32 0.68828064E+32
 0.19879361E+36 0.20389693E+36 0.40122952E+36 0.31289947E+34 0.81250766E+32 0.67566140E+32
 0.19497472E+36 0.19997378E+36 0.39351962E+36 0.30587392E+34 0.79626005E+32 0.66324230E+32
 0.19122249E+36 0.19611930E+36 0.38594435E+36 0.29900508E+34 0.78031683E+32 0.65102100E+32
 0.18753592E+36 0.19233247E+36 0.37850172E+36 0.29228948E+34 0.76467283E+32 0.63899519E+32
 0.18391405E+36 0.18861228E+36 0.37118976E+36 0.28572374E+34 0.74932294E+32 0.62716256E+32
 0.18035591E+36 0.18495773E+36 0.36400651E+36 0.27930455E+34 0.73426213E+32 0.61552081E+32
 0.17686055E+36 0.18136783E+36 0.35695005E+36 0.27302866E+34 0.71948544E+32 0.60406763E+32
 0.17342701E+36 0.17784161E+36 0.35001846E+36 0.26689291E+34 0.70498801E+32 0.59280074E+32
 0.17005436E+36 0.17437808E+36 0.34320986E+36 0.26089419E+34 0.69076503E+32 0.58171786E+32
 0.16674169E+36 0.17097631E+36 0.33652237E+36 0.25502948E+34 0.67681175E+32 0.57081672E+32
 0.16348807E+36 0.16763533E+36 0.32995415E+36 0.24929581E+34 0.66312354E+32 0.56009505E+32
 0.16029260E+36 0.16435422E+36 0.32350338E+36 0.24369027E+34 0.64969579E+32 0.54955061E+32
 0.15715439E+36 0.16113205E+36 0.31716825E+36 0.23821003E+34 0.63652398E+32 0.53918114E+32
 0.15407256E+36 0.15796792E+36 0.31094697E+36 0.23285231E+34 0.62360366E+32 0.52898443E+32
 0.15104623E+36 0.15486090E+36 0.30483778E+36 0.22761440E+34 0.61093045E+32 0.51895825E+32
 0.14807454E+36 0.15181012E+36 0.29883893E+36 0.22249364E+34 0.59850004E+32 0.50910039E+32
 0.14515664E+36 0.14881469E+36 0.29294871E+36 0.21748742E+34 0.58630816E+32 0.49940865E+32
 0.14229168E+36 0.14587374E+36 0.28716541E+36 0.21259322E+34 0.57435064E+32 0.48988084E+32
 0.13947882E+36 0.14298640E+36 0.28148733E+36 0.20780855E+34 0.56262335E+32 0.48051480E+32
 0.13671725E+36 0.14015183E+36 0.27591282E+36 0.20313096E+34 0.55112224E+32 0.47130836E+32
 0.13400616E+36 0.13736919E+36 0.27044025E+36 0.19855810E+34 0.53984330E+32 0.46225937E+32
 0.13134474E+36 0.13463764E+36 0.26506797E+36 0.19408762E+34 0.52878261E+32 0.45336570E+32
 0.12873220E+36 0.13195637E+36 0.25979440E+36 0.18971727E+34 0.51793629E+32 0.44462522E+32
 0.12616775E+36 0.12932456E+36 0.25461794E+36 0.18544480E+34 0.50730053E+32 0.43603584E+32
 0.12365061E+36 0.12674142E+36 0.24953704E+36 0.18126805E+34 0.49687158E+32 0.42759545E+32
 0.12118003E+36 0.12420615E+36 0.24455013E+36 0.17718489E+34 0.48664574E+32 0.41930197E+32
 0.11875525E+36 0.12171798E+36 0.23965570E+36 0.17319324E+34 0.47661938E+32 0.41115335E+32
 0.11637551E+36 0.11927613E+36 0.23485224E+36 0.16929106E+34 0.46678891E+32 0.40314753E+32
 0.11404009E+36 0.11687985E+36 0.23013827E+36 0.16547636E+34 0.45715082E+32 0.39528248E+32
 0.11174826E+36 0.11452838E+36 0.22551230E+36 0.16174719E+34 0.44770163E+32 0.38755619E+32
 0.10949930E+36 0.11222098E+36 0.22097290E+36 0.15810166E+34 0.43843793E+32 0.37996664E+32
 0.10729250E+36 0.10995692E+36 0.21651862E+36 0.15453789E+34 0.42935637E+32 0.37251186E+32
 0.10512716E+36 0.10773548E+36 0.21214807E+36 0.15105407E+34 0.42045364E+32 0.36518987E+32
 0.10300259E+36 0.10555595E+36 0.20785983E+36 0.14764842E+34 0.41172649E+32 0.35799872E+32
 0.10091811E+36 0.10341763E+36 0.20365254E+36 0.14431920E+34 0.40317171E+32 0.35093648E+32
 0.98873052E+35 0.10131981E+36 0.19952484E+36 0.14106469E+34 0.39478616E+32 0.34400122E+32
 0.96866746E+35 0.99261818E+35 0.19547539E+36 0.13788325E+34 0.38656675E+32 0.33719105E+32
 0.94898540E+35 0.97242978E+35 0.19150286E+36 0.13477323E+34 0.37851042E+32 0.33050406E+32
 0.92967789E+35 0.95262625E+35 0.18760595E+36 0.13173304E+34 0.37061417E+32 0.32393841E+32
 0.91073856E+35 0.93320101E+35 0.18378338E+36 0.12876113E+34 0.36287506E+32 0.31749224E+32
 0.89216113E+35 0.91414759E+35 0.18003387E+36 0.12585598E+34 0.35529019E+32 0.31116371E+32
 0.87393940E+35 0.89545960E+35 0.17635618E+36 0.12301609E+34 0.34785669E+32 0.30495101E+32
 0.85606726E+35 0.87713075E+35 0.17274907E+36 0.12024000E+34 0.34057177E+32 0.29885235E+32
 0.83853870E+35 0.85915482E+35 0.16921132E+36 0.11752630E+34 0.33343266E+32 0.29286595E+32
 0.82134776E+35 0.84152570E+35 0.16574174E+36 0.11487359E+34 0.32643664E+32 0.28699003E+32
 0.80448860E+35 0.82423735E+35 0.16233914E+36 0.11228050E+34 0.31958105E+32 0.28122288E+32
 0.78795544E+35 0.80728382E+35 0.15900235E+36 0.10974571E+34 0.31286326E+32 0.27556275E+32
 0.77174260E+35 0.79065925E+35 0.15573022E+36 0.10726792E+34 0.30628069E+32 0.27000794E+32
 0.75584445E+35 0.77435787E+35 0.15252163E+36 0.10484584E+34 0.29983079E+32 0.26455678E+32
 0.74025548E+35 0.75837398E+35 0.14937546E+36 0.10247823E+34 0.29351107E+32 0.25920758E+32
 0.72497024E+35 0.74270196E+35 0.14629060E+36 0.10016388E+34 0.28731908E+32 0.25395870E+32
 0.70998335E+35 0.72733630E+35 0.14326597E+36 0.97901598E+33 0.28125240E+32 0.24880851E+32
 0.69528953E+35 0.71227154E+35 0.14030050E+36 0.95690213E+33 0.27530866E+32 0.24375540E+32
 0.68088357E+35 0.69750231E+35 0.13739315E+36 0.93528588E+33 0.26948553E+32 0.23879778E+32
 0.66676034E+35 0.68302334E+35 0.13454286E+36 0.91415612E+33 0.26378071E+32 0.23393406E+32
 0.65291476E+35 0.66882942E+35 0.13174863E+36 0.89350194E+33 0.25819196E+32 0.22916270E+32
 0.63934187E+35 0.65491541E+35 0.12900944E+36 0.87331270E+33 0.25271704E+32 0.22448215E+32
 0.62603676E+35 0.64127628E+35 0.12632431E+36 0.85357801E+33 0.24735380E+32 0.21989091E+32
 0.61299459E+35 0.62790704E+35 0.12369226E+36 0.83428766E+33 0.24210008E+32 0.21538746E+32
 0.60021061E+35 0.61480280E+35 0.12111232E+36 0.81543173E+33 0.23695379E+32 0.21097033E+32
 0.58768012E+35 0.60195873E+35 0.11858356E+36 0.79700046E+33 0.23191286E+32 0.20663806E+32
 0.57539853E+35 0.58937010E+35 0.11610503E+36 0.77898436E+33 0.22697525E+32 0.20238920E+32
 0.56336128E+35 0.57703223E+35 0.11367583E+36 0.76137411E+33 0.22213898E+32 0.19822233E+32
 0.55156390E+35 0.56494052E+35 0.11129504E+36 0.74416062E+33 0.21740209E+32 0.19413604E+32
 0.54000205E+35 0.55309049E+35 0.10896180E+36 0.72733499E+33 0.21276264E+32 0.19012894E+32
 0.52867129E+35 0.54147759E+35 0.10667520E+36 0.71088853E+33 0.20821875E+32 0.18619967E+32
 0.51756740E+35 0.53009748E+35 0.10443440E+36 0.69481274E+33 0.20376855E+32 0.18234687E+32
 0.50668620E+35 0.51894585E+35 0.10223854E+36 0.67909931E+33 0.19941023E+32 0.17856921E+32
 0.49602354E+35 0.50801845E+35 0.10008680E+36 0.66374010E+33 0.19514198E+32 0.17486538E+32
 0.48557538E+35 0.49731111E+35 0.97978350E+35 0.64872716E+33 0.19096205E+32 0.17123408E+32
 0.47533771E+35 0.48681972E+35 0.95912387E+35 0.63405274E+33 0.18686871E+32 0.16767403E+32
 0.46530660E+35 0.47654022E+35 0.93888117E+35 0.61970923E+33 0.18286025E+32 0.16418397E+32
 0.45547818E+35 0.46646866E+35 0.91904757E+35 0.60568919E+33 0.17893501E+32 0.16076265E+32
 0.44584864E+35 0.45660110E+35 0.89961540E+35 0.59198539E+33 0.17509134E+32 0.15740887E+32
 0.43641425E+35 0.44693372E+35 0.88057709E+35 0.57859070E+33 0.17132765E+32 0.15412140E+32
 0.42717131E+35 0.43746272E+35 0.86192521E+35 0.56549819E+33 0.16764235E+32 0.15089905E+32
 0.41811622E+35 0.42818438E+35 0.84365246E+35 0.55270107E+33 0.16403389E+32 0.14774066E+32
 0.40924539E+35 0.41909503E+35 0.82575162E+35 0.54019271E+33 0.16050074E+32 0.14464507E+32
 0.40055535E+35 0.41019110E+35 0.80821567E+35 0.52796662E+33 0.15704141E+32 0.14161113E+32
 0.39204265E+35 0.40146904E+35 0.79103762E+35 0.51601646E+33 0.15365443E+32 0.13863774E+32
 0.38370389E+35 0.39292537E+35 0.77421066E+35 0.50433602E+33 0.15033836E+32 0.13572378E+32
 0.37553576E+35 0.38455668E+35 0.75772807E+35 0.49291925E+33 0.14709179E+32 0.13286816E+32
 0.36753498E+35 0.37635960E+35 0.74158323E+35 0.48176021E+33 0.14391332E+32 0.13006983E+32
 0.35969834E+35 0.36833083E+35 0.72576965E+35 0.47085312E+33 0.14080159E+32 0.12732771E+32
 0.35202268E+35 0.36046712E+35 0.71028097E+35 0.46019230E+33 0.13775526E+32 0.12464078E+32
 0.34450488E+35 0.35276530E+35 0.69511090E+35 0.44977222E+33 0.13477303E+32 0.12200801E+32
 0.33714191E+35 0.34522221E+35 0.68025329E+35 0.43958746E+33 0.13185360E+32 0.11942839E+32
 0.32993075E+35 0.33783478E+35 0.66570207E+35 0.42963273E+33 0.12899570E+32 0.11690094E+32
 0.32286846E+35 0.33059998E+35 0.65145130E+35 0.41990285E+33 0.12619811E+32 0.11442468E+32
 0.31595214E+35 0.32351484E+35 0.63749513E+35 0.41039277E+33 0.12345959E+32 0.11199864E+32
 0.30917895E+35 0.31657644E+35 0.62382781E+35 0.40109754E+33 0.12077895E+32 0.10962190E+32
 0.30254610E+35 0.30978191E+35 0.61044371E+35 0.39201232E+33 0.11815502E+32 0.10729351E+32
 0.29605083E+35 0.30312842E+35 0.59733727E+35 0.38313239E+33 0.11558665E+32 0.10501257E+32
 0.28969045E+35 0.29661321E+35 0.58450305E+35 0.37445312E+33 0.11307272E+32 0.10277817E+32
 0.28346231E+35 0.29023355E+35 0.57193570E+35 0.36596999E+33 0.11061211E+32 0.10058944E+32
 0.27736380E+35 0.28398678E+35 0.55962997E+35 0.35767859E+33 0.10820373E+32 0.98445498E+31
 0.27139237E+35 0.27787027E+35 0.54758070E+35 0.34957461E+33 0.10584653E+32 0.96345495E+31
 0.26554550E+35 0.27188145E+35 0.53578281E+35 0.34165381E+33 0.10353945E+32 0.94288590E+31
 0.25982074E+35 0.26601777E+35 0.52423133E+35 0.33391208E+33 0.10128148E+32 0.92273955E+31
 0.25421566E+35 0.26027677E+35 0.51292137E+35 0.32634537E+33 0.99071602E+31 0.90300778E+31
 0.24872788E+35 0.25465599E+35 0.50184814E+35 0.31894975E+33 0.96908834E+31 0.88368260E+31
 0.24335507E+35 0.24915304E+35 0.49100692E+35 0.31172136E+33 0.94792208E+31 0.86475615E+31
 0.23809494E+35 0.24376558E+35 0.48039309E+35 0.30465643E+33 0.92720775E+31 0.84622072E+31
 0.23294524E+35 0.23849129E+35 0.47000210E+35 0.29775127E+33 0.90693606E+31 0.82806872E+31
 0.22790375E+35 0.23332790E+35 0.45982950E+35 0.29100229E+33 0.88709787E+31 0.81029268E+31
 0.22296831E+35 0.22827320E+35 0.44987091E+35 0.28440597E+33 0.86768425E+31 0.79288529E+31
 0.21813680E+35 0.22332500E+35 0.44012203E+35 0.27795885E+33 0.84868642E+31 0.77583933E+31
 0.21340712E+35 0.21848115E+35 0.43057865E+35 0.27165758E+33 0.83009578E+31 0.75914774E+31
 0.20877722E+35 0.21373955E+35 0.42123663E+35 0.26549887E+33 0.81190390E+31 0.74280355E+31
 0.20424510E+35 0.20909814E+35 0.41209191E+35 0.25947950E+33 0.79410250E+31 0.72679995E+31
 0.19980877E+35 0.20455489E+35 0.40314051E+35 0.25359633E+33 0.77668348E+31 0.71113021E+31
 0.19546629E+35 0.20010782E+35 0.39437850E+35 0.24784629E+33 0.75963890E+31 0.69578776E+31
 0.19121578E+35 0.19575497E+35 0.38580206E+35 0.24222637E+33 0.74296096E+31 0.68076612E+31
 0.18705536E+35 0.19149443E+35 0.37740742E+35 0.23673364E+33 0.72664203E+31 0.66605892E+31
 0.18298319E+35 0.18732433E+35 0.36919089E+35 0.23136522E+33 0.71067461E+31 0.65165993E+31
 0.17899750E+35 0.18324281E+35 0.36114883E+35 0.22611832E+33 0.69505138E+31 0.63756302E+31
 0.17509650E+35 0.17924808E+35 0.35327770E+35 0.22099018E+33 0.67976513E+31 0.62376216E+31
 0.17127848E+35 0.17533836E+35 0.34557400E+35 0.21597813E+33 0.66480882E+31 0.61025145E+31
 0.16754174E+35 0.17151192E+35 0.33803431E+35 0.21107955E+33 0.65017554E+31 0.59702507E+31
 0.16388461E+35 0.16776704E+35 0.33065527E+35 0.20629187E+33 0.63585851E+31 0.58407734E+31
 0.16030547E+35 0.16410206E+35 0.32343360E+35 0.20161260E+33 0.62185110E+31 0.57140265E+31
 0.15680270E+35 0.16051532E+35 0.31636606E+35 0.19703928E+33 0.60814681E+31 0.55899552E+31
 0.15337476E+35 0.15700523E+35 0.30944949E+35 0.19256951E+33 0.59473925E+31 0.54685055E+31
 0.15002008E+35 0.15357021E+35 0.30268077E+35 0.18820097E+33 0.58162218E+31 0.53496247E+31
 0.14673717E+35 0.15020870E+35 0.29605686E+35 0.18393137E+33 0.56878949E+31 0.52332607E+31
 0.14352455E+35 0.14691919E+35 0.28957478E+35 0.17975846E+33 0.55623517E+31 0.51193626E+31
 0.14038075E+35 0.14370020E+35 0.28323159E+35 0.17568007E+33 0.54395335E+31 0.50078803E+31
 0.13730437E+35 0.14055025E+35 0.27702442E+35 0.17169406E+33 0.53193827E+31 0.48987650E+31
 0.13429400E+35 0.13746793E+35 0.27095045E+35 0.16779834E+33 0.52018428E+31 0.47919682E+31
 0.13134827E+35 0.13445182E+35 0.26500692E+35 0.16399087E+33 0.50868587E+31 0.46874430E+31
 0.12846568E+35 0.13150039E+35 0.25919080E+35 0.16026967E+33 0.49743760E+31 0.45851428E+31
 0.12564525E+35 0.12861262E+35 0.25350009E+35 0.15663277E+33 0.48643419E+31 0.44850223E+31
 0.12288551E+35 0.12578703E+35 0.24793186E+35 0.15307827E+33 0.47567042E+31 0.43870368E+31
 0.12018520E+35 0.12302230E+35 0.24248355E+35 0.14960431E+33 0.46514122E+31 0.42911426E+31
 0.11754309E+35 0.12031718E+35 0.23715266E+35 0.14620907E+33 0.45484159E+31 0.41972967E+31
 0.11495795E+35 0.11767043E+35 0.23193674E+35 0.14289078E+33 0.44476664E+31 0.41054570E+31
 0.11242861E+35 0.11508081E+35 0.22683338E+35 0.13964768E+33 0.43491158E+31 0.40155823E+31
 0.10995388E+35 0.11254713E+35 0.22184024E+35 0.13647808E+33 0.42527174E+31 0.39276321E+31
 0.10753262E+35 0.11006822E+35 0.21695500E+35 0.13338032E+33 0.41584252E+31 0.38415666E+31
 0.10516372E+35 0.10764293E+35 0.21217539E+35 0.13035277E+33 0.40661942E+31 0.37573469E+31
 0.10284608E+35 0.10527014E+35 0.20749921E+35 0.12739384E+33 0.39759804E+31 0.36749348E+31
 0.10057861E+35 0.10294873E+35 0.20292428E+35 0.12450199E+33 0.38877406E+31 0.35942929E+31
 0.98360269E+34 0.10067764E+35 0.19844846E+35 0.12167569E+33 0.38014325E+31 0.35153844E+31
 0.96190013E+34 0.98455791E+34 0.19406967E+35 0.11891347E+33 0.37170148E+31 0.34381733E+31
 0.94066830E+34 0.96282153E+34 0.18978587E+35 0.11621387E+33 0.36344470E+31 0.33626243E+31
 0.91989729E+34 0.94155708E+34 0.18559505E+35 0.11357547E+33 0.35536894E+31 0.32887028E+31
 0.89957736E+34 0.92075457E+34 0.18149524E+35 0.11099689E+33 0.34747030E+31 0.32163749E+31
 0.87969897E+34 0.90040423E+34 0.17748452E+35 0.10847678E+33 0.33974499E+31 0.31456073E+31
 0.86025277E+34 0.88049650E+34 0.17356101E+35 0.10601382E+33 0.33218928E+31 0.30763675E+31
 0.84122962E+34 0.86102199E+34 0.16972286E+35 0.10360671E+33 0.32479952E+31 0.30086233E+31
 0.82262054E+34 0.84197150E+34 0.16596826E+35 0.10125418E+33 0.31757213E+31 0.29423436E+31
 0.80441676E+34 0.82333605E+34 0.16229544E+35 0.98955004E+32 0.31050362E+31 0.28774976E+31
 0.78660965E+34 0.80510681E+34 0.15870265E+35 0.96707972E+32 0.30359056E+31 0.28140553E+31
 0.76919079E+34 0.78727513E+34 0.15518820E+35 0.94511903E+32 0.29682960E+31 0.27519870E+31
 0.75215192E+34 0.76983257E+34 0.15175042E+35 0.92365643E+32 0.29021745E+31 0.26912640E+31
 0.73548494E+34 0.75277081E+34 0.14838768E+35 0.90268065E+32 0.28375089E+31 0.26318579E+31
 0.71918193E+34 0.73608176E+34 0.14509837E+35 0.88218067E+32 0.27742679E+31 0.25737409E+31
 0.70323512E+34 0.71975745E+34 0.14188094E+35 0.86214570E+32 0.27124205E+31 0.25168858E+31
 0.68763692E+34 0.70379008E+34 0.13873385E+35 0.84256523E+32 0.26519367E+31 0.24612660E+31
 0.67237987E+34 0.68817204E+34 0.13565559E+35 0.82342895E+32 0.25927868E+31 0.24068553E+31
 0.65745667E+34 0.67289585E+34 0.13264469E+35 0.80472681E+32 0.25349420E+31 0.23536282E+31
 0.64286019E+34 0.65795418E+34 0.12969971E+35 0.78644898E+32 0.24783740E+31 0.23015596E+31
 0.62858342E+34 0.64333988E+34 0.12681924E+35 0.76858584E+32 0.24230549E+31 0.22506248E+31
 0.61461951E+34 0.62904591E+34 0.12400189E+35 0.75112800E+32 0.23689579E+31 0.22008000E+31
 0.60096175E+34 0.61506541E+34 0.12124631E+35 0.73406628E+32 0.23160562E+31 0.21520614E+31
 0.58760356E+34 0.60139164E+34 0.11855118E+35 0.71739171E+32 0.22643238E+31 0.21043859E+31
 0.57453852E+34 0.58801801E+34 0.11591520E+35 0.70109552E+32 0.22137355E+31 0.20577511E+31
 0.56176032E+34 0.57493807E+34 0.11333709E+35 0.68516913E+32 0.21642662E+31 0.20121345E+31
 0.54926278E+34 0.56214549E+34 0.11081561E+35 0.66960416E+32 0.21158915E+31 0.19675147E+31
 0.53703987E+34 0.54963409E+34 0.10834954E+35 0.65439243E+32 0.20685877E+31 0.19238702E+31
 0.52508566E+34 0.53739780E+34 0.10593769E+35 0.63952592E+32 0.20223314E+31 0.18811803E+31
 0.51339437E+34 0.52543069E+34 0.10357888E+35 0.62499683E+32 0.19770997E+31 0.18394245E+31
 0.50196032E+34 0.51372694E+34 0.10127197E+35 0.61079749E+32 0.19328703E+31 0.17985829E+31
 0.49077796E+34 0.50228088E+34 0.99015850E+34 0.59692044E+32 0.18896213E+31 0.17586359E+31
 0.47984185E+34 0.49108693E+34 0.96809410E+34 0.58335838E+32 0.18473313E+31 0.17195644E+31
 0.46914666E+34 0.48013964E+34 0.94651581E+34 0.57010415E+32 0.18059792E+31 0.16813494E+31
 0.45868718E+34 0.46943367E+34 0.92541310E+34 0.55715080E+32 0.17655447E+31 0.16439728E+31
 0.44845832E+34 0.45896379E+34 0.90477568E+34 0.54449148E+32 0.17260076E+31 0.16074164E+31
 0.43845507E+34 0.44872490E+34 0.88459347E+34 0.53211955E+32 0.16873482E+31 0.15716626E+31
 0.42867198E+34 0.43871141E+34 0.86485547E+34 0.52002848E+32 0.16495474E+31 0.15366942E+31
 0.41910540E+34 0.42891956E+34 0.84555431E+34 0.50821191E+32 0.16125863E+31 0.15024942E+31
 0.40975008E+34 0.41934398E+34 0.82667937E+34 0.49666361E+32 0.15764466E+31 0.14690461E+31
 0.40060142E+34 0.40997997E+34 0.80822140E+34 0.48537750E+32 0.15411101E+31 0.14363338E+31
 0.39165493E+34 0.40082294E+34 0.79017134E+34 0.47434764E+32 0.15065594E+31 0.14043412E+31
 0.38290622E+34 0.39186837E+34 0.77252032E+34 0.46356821E+32 0.14727770E+31 0.13730529E+31
 0.37435098E+34 0.38311187E+34 0.75525965E+34 0.45303354E+32 0.14397462E+31 0.13424537E+31
 0.36598501E+34 0.37454912E+34 0.73838085E+34 0.44273808E+32 0.14074505E+31 0.13125287E+31
 0.35780417E+34 0.36617591E+34 0.72187559E+34 0.43267639E+32 0.13758737E+31 0.12832632E+31
 0.34980445E+34 0.35798809E+34 0.70573574E+34 0.42284319E+32 0.13449999E+31 0.12546431E+31
 0.34198189E+34 0.34998163E+34 0.68995333E+34 0.41323328E+32 0.13148137E+31 0.12266543E+31
 0.33433262E+34 0.34215257E+34 0.67452055E+34 0.40384160E+32 0.12853000E+31 0.11992831E+31
 0.32685286E+34 0.33449703E+34 0.65942978E+34 0.39466320E+32 0.12564439E+31 0.11725161E+31
 0.31953891E+34 0.32701123E+34 0.64467355E+34 0.38569325E+32 0.12282311E+31 0.11463404E+31
 0.31238715E+34 0.31969146E+34 0.63024455E+34 0.37692702E+32 0.12006472E+31 0.11207429E+31
 0.30539403E+34 0.31253408E+34 0.61613563E+34 0.36835988E+32 0.11736784E+31 0.10957111E+31
 0.29855608E+34 0.30553555E+34 0.60233978E+34 0.35998732E+32 0.11473113E+31 0.10712327E+31
 0.29186991E+34 0.29869238E+34 0.58885015E+34 0.35180492E+32 0.11215324E+31 0.10472958E+31
 0.28533219E+34 0.29200117E+34 0.57566004E+34 0.34380837E+32 0.10963288E+31 0.10238885E+31
 0.27893967E+34 0.28545860E+34 0.56276289E+34 0.33599345E+32 0.10716878E+31 0.10009992E+31
 0.27268918E+34 0.27906140E+34 0.55015227E+34 0.32835604E+32 0.10475969E+31 0.97861674E+30
 0.26657758E+34 0.27280639E+34 0.53782191E+34 0.32089212E+32 0.10240441E+31 0.95672999E+30
 0.26060185E+34 0.26669045E+34 0.52576566E+34 0.31359774E+32 0.10010175E+31 0.93532816E+30
 0.25475900E+34 0.26071053E+34 0.51397749E+34 0.30646907E+32 0.97850525E+30 0.91440067E+30
 0.24904610E+34 0.25486363E+34 0.50245153E+34 0.29950233E+32 0.95649615E+30 0.89393715E+30
 0.24346031E+34 0.24914684E+34 0.49118202E+34 0.29269386E+32 0.93497902E+30 0.87392747E+30
 0.23799883E+34 0.24355729E+34 0.48016331E+34 0.28604005E+32 0.91394297E+30 0.85436170E+30
 0.23265893E+34 0.23809219E+34 0.46938990E+34 0.27953742E+32 0.89337735E+30 0.83523014E+30
 0.22743793E+34 0.23274880E+34 0.45885639E+34 0.27318251E+32 0.87327173E+30 0.81652327E+30
 0.22233322E+34 0.22752444E+34 0.44855749E+34 0.26697198E+32 0.85361593E+30 0.79823181E+30
 0.21734224E+34 0.22241649E+34 0.43848805E+34 0.26090255E+32 0.83439996E+30 0.78034665E+30
 0.21246249E+34 0.21742238E+34 0.42864302E+34 0.25497103E+32 0.81561407E+30 0.76285888E+30
 0.20769151E+34 0.21253962E+34 0.41901744E+34 0.24917427E+32 0.79724874E+30 0.74575980E+30
 0.20302690E+34 0.20776573E+34 0.40960648E+34 0.24350922E+32 0.77929461E+30 0.72904087E+30
 0.19846632E+34 0.20309833E+34 0.40040541E+34 0.23797289E+32 0.76174258E+30 0.71269375E+30
 0.19400748E+34 0.19853505E+34 0.39140959E+34 0.23256235E+32 0.74458370E+30 0.69671028E+30
 0.18964813E+34 0.19407362E+34 0.38261451E+34 0.22727476E+32 0.72780925E+30 0.68108247E+30
 0.18538607E+34 0.18971176E+34 0.37401572E+34 0.22210732E+32 0.71141068E+30 0.66580250E+30
 0.18121916E+34 0.18544729E+34 0.36560889E+34 0.21705730E+32 0.69537965E+30 0.65086272E+30
 0.17714529E+34 0.18127806E+34 0.35738978E+34 0.21212204E+32 0.67970798E+30 0.63625565E+30
 0.17316241E+34 0.17720195E+34 0.34935425E+34 0.20729893E+32 0.66438769E+30 0.62197397E+30
 0.16926851E+34 0.17321691E+34 0.34149822E+34 0.20258542E+32 0.64941095E+30 0.60801051E+30
 0.16546161E+34 0.16932093E+34 0.33381774E+34 0.19797903E+32 0.63477012E+30 0.59435826E+30
 0.16173979E+34 0.16551202E+34 0.32630892E+34 0.19347732E+32 0.62045774E+30 0.58101037E+30
 0.15810118E+34 0.16178828E+34 0.31896796E+34 0.18907792E+32 0.60646647E+30 0.56796013E+30
 0.15454392E+34 0.15814781E+34 0.31179114E+34 0.18477850E+32 0.59278918E+30 0.55520097E+30
 0.15106622E+34 0.15458876E+34 0.30477483E+34 0.18057680E+32 0.57941888E+30 0.54272647E+30
 0.14766631E+34 0.15110933E+34 0.29791547E+34 0.17647059E+32 0.56634872E+30 0.53053035E+30
 0.14434247E+34 0.14770776E+34 0.29120958E+34 0.17245770E+32 0.55357201E+30 0.51860646E+30
 0.14109301E+34 0.14438232E+34 0.28465377E+34 0.16853602E+32 0.54108221E+30 0.50694879E+30
 0.13791629E+34 0.14113132E+34 0.27824469E+34 0.16470348E+32 0.52887293E+30 0.49555145E+30
 0.13481068E+34 0.13795311E+34 0.27197910E+34 0.16095804E+32 0.51693791E+30 0.48440870E+30
 0.13177462E+34 0.13484607E+34 0.26585382E+34 0.15729774E+32 0.50527103E+30 0.47351491E+30
 0.12880655E+34 0.13180863E+34 0.25986572E+34 0.15372064E+32 0.49386631E+30 0.46286455E+30
 0.12590497E+34 0.12883924E+34 0.25401176E+34 0.15022484E+32 0.48271789E+30 0.45245226E+30
 0.12306841E+34 0.12593638E+34 0.24828897E+34 0.14680850E+32 0.47182006E+30 0.44227276E+30
 0.12029541E+34 0.12309858E+34 0.24269442E+34 0.14346982E+32 0.46116722E+30 0.43232089E+30
 0.11758456E+34 0.12032440E+34 0.23722527E+34 0.14020704E+32 0.45075390E+30 0.42259161E+30
 0.11493448E+34 0.11761241E+34 0.23187873E+34 0.13701842E+32 0.44057475E+30 0.41308000E+30
 0.11234383E+34 0.11496124E+34 0.22665207E+34 0.13390229E+32 0.43062453E+30 0.40378122E+30
 0.10981127E+34 0.11236952E+34 0.22154262E+34 0.13085699E+32 0.42089813E+30 0.39469055E+30
 0.10733552E+34 0.10983595E+34 0.21654779E+34 0.12788092E+32 0.41139054E+30 0.38580339E+30
 0.10491531E+34 0.10735922E+34 0.21166501E+34 0.12497251E+32 0.40209688E+30 0.37711521E+30
 0.10254940E+34 0.10493806E+34 0.20689179E+34 0.12213021E+32 0.39301235E+30 0.36862160E+30
 0.10023659E+34 0.10257125E+34 0.20222570E+34 0.11935253E+32 0.38413228E+30 0.36031823E+30
 0.97975697E+33 0.10025757E+34 0.19766434E+34 0.11663800E+32 0.37545210E+30 0.35220090E+30
 0.95765557E+33 0.97995829E+33 0.19320538E+34 0.11398518E+32 0.36696733E+30 0.34426545E+30
 0.93605042E+33 0.95784879E+33 0.18884654E+34 0.11139268E+32 0.35867360E+30 0.33650785E+30
 0.91493045E+33 0.93623585E+33 0.18458559E+34 0.10885911E+32 0.35056663E+30 0.32892414E+30
 0.89428486E+33 0.91510839E+33 0.18042035E+34 0.10638314E+32 0.34264224E+30 0.32151047E+30
 0.87410305E+33 0.89445558E+33 0.17634867E+34 0.10396347E+32 0.33489634E+30 0.31426304E+30
 0.85437469E+33 0.87426683E+33 0.17236848E+34 0.10159882E+32 0.32732493E+30 0.30717817E+30
 0.83508965E+33 0.85453178E+33 0.16847773E+34 0.99287921E+31 0.31992410E+30 0.30025222E+30
 0.81623803E+33 0.83524031E+33 0.16467443E+34 0.97029569E+31 0.31269003E+30 0.29348167E+30
 0.79781017E+33 0.81638251E+33 0.16095661E+34 0.94822564E+31 0.30561898E+30 0.28686305E+30
 0.77979660E+33 0.79794870E+33 0.15732238E+34 0.92665741E+31 0.29870730E+30 0.28039298E+30
 0.76218806E+33 0.77992940E+33 0.15376987E+34 0.90557959E+31 0.29195141E+30 0.27406815E+30
 0.74497550E+33 0.76231536E+33 0.15029725E+34 0.88498103E+31 0.28534783E+30 0.26788532E+30
 0.72815009E+33 0.74509751E+33 0.14690273E+34 0.86485084E+31 0.27889312E+30 0.26184133E+30
 0.71170316E+33 0.72826700E+33 0.14358458E+34 0.84517839E+31 0.27258396E+30 0.25593309E+30
 0.69562624E+33 0.71181517E+33 0.14034107E+34 0.82595325E+31 0.26641707E+30 0.25015756E+30
 0.67991108E+33 0.69573355E+33 0.13717055E+34 0.80716528E+31 0.26038927E+30 0.24451178E+30
 0.66454958E+33 0.68001386E+33 0.13407138E+34 0.78880453E+31 0.25449743E+30 0.23899287E+30
 0.64953382E+33 0.66464800E+33 0.13104196E+34 0.77086129E+31 0.24873850E+30 0.23359798E+30
 0.63485607E+33 0.64962805E+33 0.12808074E+34 0.75332608E+31 0.24310950E+30 0.22832435E+30
 0.62050876E+33 0.63494628E+33 0.12518619E+34 0.73618962E+31 0.23760751E+30 0.22316928E+30
 0.60648450E+33 0.62059510E+33 0.12235681E+34 0.71944285E+31 0.23222967E+30 0.21813011E+30
 0.59277606E+33 0.60656713E+33 0.11959114E+34 0.70307691E+31 0.22697319E+30 0.21320425E+30
 0.57937636E+33 0.59285511E+33 0.11688777E+34 0.68708315E+31 0.22183536E+30 0.20838918E+30
 0.56627848E+33 0.57945197E+33 0.11424529E+34 0.67145310E+31 0.21681350E+30 0.20368242E+30
 0.55347567E+33 0.56635080E+33 0.11166234E+34 0.65617850E+31 0.21190500E+30 0.19908154E+30
 0.54096132E+33 0.55354482E+33 0.10913758E+34 0.64125126E+31 0.20710732E+30 0.19458418E+30
 0.52872895E+33 0.54102742E+33 0.10666972E+34 0.62666350E+31 0.20241798E+30 0.19018803E+30
 0.51677225E+33 0.52879212E+33 0.10425747E+34 0.61240749E+31 0.19783452E+30 0.18589081E+30
 0.50508504E+33 0.51683261E+33 0.10189959E+34 0.59847570E+31 0.19335457E+30 0.18169033E+30
 0.49366128E+33 0.50514270E+33 0.99594866E+33 0.58486075E+31 0.18897580E+30 0.17758440E+30
 0.48249505E+33 0.49371634E+33 0.97342096E+33 0.57155545E+31 0.18469594E+30 0.17357092E+30
 0.47158058E+33 0.48254762E+33 0.95140119E+33 0.55855274E+31 0.18051276E+30 0.16964781E+30
 0.46091222E+33 0.47163076E+33 0.92987795E+33 0.54584576E+31 0.17642408E+30 0.16581305E+30
 0.45048446E+33 0.46096011E+33 0.90884009E+33 0.53342778E+31 0.17242779E+30 0.16206467E+30
 0.44029188E+33 0.45053013E+33 0.88827673E+33 0.52129223E+31 0.16852179E+30 0.15840073E+30
 0.43032920E+33 0.44033543E+33 0.86817721E+33 0.50943269E+31 0.16470406E+30 0.15481933E+30
 0.42059128E+33 0.43037073E+33 0.84853112E+33 0.49784289E+31 0.16097260E+30 0.15131863E+30
 0.41107306E+33 0.42063086E+33 0.82932827E+33 0.48651668E+31 0.15732549E+30 0.14789682E+30
 0.40176960E+33 0.41111076E+33 0.81055872E+33 0.47544809E+31 0.15376081E+30 0.14455213E+30
 0.39267609E+33 0.40180551E+33 0.79221272E+33 0.46463124E+31 0.15027671E+30 0.14128282E+30
 0.38378781E+33 0.39271028E+33 0.77428077E+33 0.45406043E+31 0.14687137E+30 0.13808722E+30
 0.37510014E+33 0.38382034E+33 0.75675356E+33 0.44373005E+31 0.14354303E+30 0.13496366E+30
 0.36660857E+33 0.37513108E+33 0.73962200E+33 0.43363464E+31 0.14028994E+30 0.13191053E+30
 0.35830871E+33 0.36663800E+33 0.72287718E+33 0.42376885E+31 0.13711042E+30 0.12892625E+30
 0.35019623E+33 0.35833667E+33 0.70651043E+33 0.41412747E+31 0.13400279E+30 0.12600928E+30
 0.34226693E+33 0.35022280E+33 0.69051323E+33 0.40470539E+31 0.13096545E+30 0.12315810E+30
 0.33451669E+33 0.34229216E+33 0.67487728E+33 0.39549763E+31 0.12799681E+30 0.12037124E+30
 0.32694148E+33 0.33454064E+33 0.65959445E+33 0.38649931E+31 0.12509531E+30 0.11764725E+30
 0.31953736E+33 0.32696419E+33 0.64465680E+33 0.37770567E+31 0.12225946E+30 0.11498472E+30
 0.31230049E+33 0.31955890E+33 0.63005657E+33 0.36911206E+31 0.11948775E+30 0.11238227E+30
 0.30522710E+33 0.31232090E+33 0.61578616E+33 0.36071392E+31 0.11677875E+30 0.10983855E+30
 0.29831351E+33 0.30524642E+33 0.60183816E+33 0.35250682E+31 0.11413105E+30 0.10735225E+30
 0.29155613E+33 0.29833180E+33 0.58820529E+33 0.34448641E+31 0.11154326E+30 0.10492206E+30
 0.28495144E+33 0.29157343E+33 0.57488049E+33 0.33664844E+31 0.10901403E+30 0.10254673E+30
 0.27849601E+33 0.28496779E+33 0.56185679E+33 0.32898877E+31 0.10654204E+30 0.10022504E+30
 0.27218647E+33 0.27851144E+33 0.54912744E+33 0.32150333E+31 0.10412599E+30 0.97955757E+29
 0.26601953E+33 0.27220103E+33 0.53668580E+33 0.31418818E+31 0.10176463E+30 0.95737721E+29
 0.25999199E+33 0.26603326E+33 0.52452538E+33 0.30703943E+31 0.99456720E+29 0.93569774E+29
 0.25410071E+33 0.26000492E+33 0.51263987E+33 0.30005330E+31 0.97201053E+29 0.91450791E+29
 0.24834262E+33 0.25411288E+33 0.50102305E+33 0.29322610E+31 0.94996451E+29 0.89379670E+29
 0.24271471E+33 0.24835405E+33 0.48966889E+33 0.28655420E+31 0.92841760E+29 0.87355335E+29
 0.23721406E+33 0.24272545E+33 0.47857146E+33 0.28003409E+31 0.90735855E+29 0.85376731E+29
 0.23183779E+33 0.23722413E+33 0.46772498E+33 0.27366230E+31 0.88677632E+29 0.83442831E+29
 0.22658310E+33 0.23184722E+33 0.45712379E+33 0.26743546E+31 0.86666016E+29 0.81552628E+29
 0.22144726E+33 0.22659193E+33 0.44676236E+33 0.26135028E+31 0.84699954E+29 0.79705138E+29
 0.21642758E+33 0.22145551E+33 0.43663529E+33 0.25540353E+31 0.82778417E+29 0.77899401E+29
 0.21152144E+33 0.21643527E+33 0.42673729E+33 0.24959207E+31 0.80900400E+29 0.76134475E+29
 0.20672629E+33 0.21152861E+33 0.41706320E+33 0.24391282E+31 0.79064918E+29 0.74409441E+29
 0.20203962E+33 0.20673295E+33 0.40760798E+33 0.23836276E+31 0.77271012E+29 0.72723402E+29
 0.19745899E+33 0.20204580E+33 0.39836667E+33 0.23293898E+31 0.75517741E+29 0.71075479E+29
 0.19298200E+33 0.19746470E+33 0.38933447E+33 0.22763858E+31 0.73804189E+29 0.69464813E+29
 0.18860631E+33 0.19298727E+33 0.38050664E+33 0.22245878E+31 0.72129456E+29 0.67890565E+29
 0.18432965E+33 0.18861117E+33 0.37187859E+33 0.21739681E+31 0.70492666E+29 0.66351914E+29
 0.18014977E+33 0.18433411E+33 0.36344580E+33 0.21245001E+31 0.68892961E+29 0.64848058E+29
 0.17606449E+33 0.18015385E+33 0.35520387E+33 0.20761575E+31 0.67329502E+29 0.63378213E+29
 0.17207168E+33 0.17606821E+33 0.34714849E+33 0.20289147E+31 0.65801472E+29 0.61941612E+29
 0.16816925E+33 0.17207505E+33 0.33927545E+33 0.19827468E+31 0.64308067E+29 0.60537506E+29
 0.16435516E+33 0.16817229E+33 0.33158063E+33 0.19376292E+31 0.62848507E+29 0.59165162E+29
 0.16062741E+33 0.16435789E+33 0.32406002E+33 0.18935381E+31 0.61422025E+29 0.57823863E+29
 0.15698407E+33 0.16062985E+33 0.31670967E+33 0.18504502E+31 0.60027873E+29 0.56512910E+29
 0.15342321E+33 0.15698622E+33 0.30952575E+33 0.18083426E+31 0.58665320E+29 0.55231619E+29
 0.14994298E+33 0.15342510E+33 0.30250449E+33 0.17671929E+31 0.57333652E+29 0.53979319E+29
 0.14654156E+33 0.14994462E+33 0.29564223E+33 0.17269796E+31 0.56032170E+29 0.52755358E+29
 0.14321717E+33 0.14654295E+33 0.28893537E+33 0.16876811E+31 0.54760191E+29 0.51559096E+29
 0.13996806E+33 0.14321833E+33 0.28238040E+33 0.16492768E+31 0.53517047E+29 0.50389907E+29
 0.13679254E+33 0.13996901E+33 0.27597389E+33 0.16117462E+31 0.52302087E+29 0.49247182E+29
 0.13368895E+33 0.13679329E+33 0.26971249E+33 0.15750696E+31 0.51114673E+29 0.48130322E+29
 0.13065566E+33 0.13368950E+33 0.26359291E+33 0.15392274E+31 0.49954181E+29 0.47038744E+29
 0.12769107E+33 0.13065602E+33 0.25761196E+33 0.15042008E+31 0.48820003E+29 0.45971877E+29
 0.12479365E+33 0.12769127E+33 0.25176650E+33 0.14699711E+31 0.47711542E+29 0.44929164E+29
 0.12196187E+33 0.12479368E+33 0.24605347E+33 0.14365202E+31 0.46628217E+29 0.43910058E+29
 0.11919424E+33 0.12196174E+33 0.24046988E+33 0.14038304E+31 0.45569459E+29 0.42914027E+29
 0.11648933E+33 0.11919397E+33 0.23501280E+33 0.13718844E+31 0.44534712E+29 0.41940551E+29
 0.11384570E+33 0.11648892E+33 0.22967936E+33 0.13406653E+31 0.43523432E+29 0.40989118E+29
 0.11126197E+33 0.11384516E+33 0.22446679E+33 0.13101565E+31 0.42535088E+29 0.40059233E+29
 0.10873680E+33 0.11126131E+33 0.21937233E+33 0.12803419E+31 0.41569161E+29 0.39150407E+29
 0.10626885E+33 0.10873603E+33 0.21439333E+33 0.12512057E+31 0.40625144E+29 0.38262166E+29
 0.10385684E+33 0.10626797E+33 0.20952717E+33 0.12227324E+31 0.39702539E+29 0.37394043E+29
 0.10149949E+33 0.10385586E+33 0.20477130E+33 0.11949070E+31 0.38800863E+29 0.36545586E+29
 0.99195577E+32 0.10149841E+33 0.20012323E+33 0.11677147E+31 0.37919641E+29 0.35716348E+29
 0.96943883E+32 0.99194409E+32 0.19558052E+33 0.11411412E+31 0.37058411E+29 0.34905897E+29
 0.94743231E+32 0.96942633E+32 0.19114077E+33 0.11151723E+31 0.36216719E+29 0.34113806E+29
 0.92592465E+32 0.94741904E+32 0.18680168E+33 0.10897943E+31 0.35394123E+29 0.33339662E+29
 0.90490458E+32 0.92591067E+32 0.18256095E+33 0.10649938E+31 0.34590190E+29 0.32583059E+29
 0.88436106E+32 0.90488993E+32 0.17841637E+33 0.10407576E+31 0.33804498E+29 0.31843600E+29
 0.86428331E+32 0.88434580E+32 0.17436575E+33 0.10170728E+31 0.33036634E+29 0.31120897E+29
 0.84466079E+32 0.86426748E+32 0.17040698E+33 0.99392703E+30 0.32286193E+29 0.30414572E+29
 0.82548320E+32 0.84464443E+32 0.16653797E+33 0.97130790E+30 0.31552781E+29 0.29724255E+29
 0.80674047E+32 0.82546636E+32 0.16275669E+33 0.94920346E+30 0.30836012E+29 0.29049583E+29
 0.78842276E+32 0.80672319E+32 0.15906115E+33 0.92760201E+30 0.30135510E+29 0.28390203E+29
 0.77052045E+32 0.78840507E+32 0.15544942E+33 0.90649208E+30 0.29450904E+29 0.27745768E+29
 0.75302414E+32 0.77050239E+32 0.15191961E+33 0.88586252E+30 0.28781836E+29 0.27115941E+29
 0.73592463E+32 0.75300574E+32 0.14846984E+33 0.86570238E+30 0.28127953E+29 0.26500391E+29
 0.71921295E+32 0.73590593E+32 0.14509832E+33 0.84600099E+30 0.27488911E+29 0.25898796E+29
 0.70288031E+32 0.71919398E+32 0.14180327E+33 0.82674790E+30 0.26864373E+29 0.25310839E+29
 0.68691813E+32 0.70286110E+32 0.13858296E+33 0.80793293E+30 0.26254012E+29 0.24736213E+29
 0.67131803E+32 0.68689871E+32 0.13543569E+33 0.78954609E+30 0.25657504E+29 0.24174615E+29
 0.65607180E+32 0.67129842E+32 0.13235982E+33 0.77157766E+30 0.25074538E+29 0.23625750E+29
 0.64117143E+32 0.65605203E+32 0.12935373E+33 0.75401811E+30 0.24504805E+29 0.23089331E+29
 0.62660909E+32 0.64115153E+32 0.12641583E+33 0.73685814E+30 0.23948005E+29 0.22565076E+29
 0.61237713E+32 0.62658908E+32 0.12354458E+33 0.72008865E+30 0.23403846E+29 0.22052709E+29
 0.59846806E+32 0.61235703E+32 0.12073848E+33 0.70370077E+30 0.22872041E+29 0.21551962E+29
 0.58487456E+32 0.59844789E+32 0.11799604E+33 0.68768581E+30 0.22352309E+29 0.21062572E+29
 0.57158950E+32 0.58485434E+32 0.11531583E+33 0.67203528E+30 0.21844378E+29 0.20584280E+29
 0.55860587E+32 0.57156925E+32 0.11269643E+33 0.65674090E+30 0.21347979E+29 0.20116837E+29
 0.54591687E+32 0.55858561E+32 0.11013647E+33 0.64179456E+30 0.20862850E+29 0.19659996E+29
 0.53351580E+32 0.54589660E+32 0.10763460E+33 0.62718834E+30 0.20388737E+29 0.19213518E+29
 0.52139614E+32 0.53349555E+32 0.10518951E+33 0.61291450E+30 0.19925389E+29 0.18777167E+29
 0.50955152E+32 0.52137593E+32 0.10279990E+33 0.59896548E+30 0.19472563E+29 0.18350715E+29
 0.49797572E+32 0.50953136E+32 0.10046453E+33 0.58533389E+30 0.19030020E+29 0.17933938E+29
 0.48666262E+32 0.49795561E+32 0.98182154E+32 0.57201251E+30 0.18597526E+29 0.17526615E+29
 0.47560629E+32 0.48664259E+32 0.95951581E+32 0.55899428E+30 0.18174853E+29 0.17128534E+29
 0.46480090E+32 0.47558634E+32 0.93771636E+32 0.54627230E+30 0.17761780E+29 0.16739484E+29
 0.45424077E+32 0.46478105E+32 0.91641170E+32 0.53383982E+30 0.17358087E+29 0.16359261E+29
 0.44392033E+32 0.45422102E+32 0.89559062E+32 0.52169027E+30 0.16963563E+29 0.15987666E+29
 0.43383416E+32 0.44390070E+32 0.87524216E+32 0.50981721E+30 0.16577999E+29 0.15624503E+29
 0.42397695E+32 0.43381465E+32 0.85535560E+32 0.49821434E+30 0.16201192E+29 0.15269580E+29
 0.41434349E+32 0.42395756E+32 0.83592049E+32 0.48687552E+30 0.15832943E+29 0.14922711E+29
 0.40492873E+32 0.41432425E+32 0.81692657E+32 0.47579473E+30 0.15473059E+29 0.14583714E+29
 0.39572770E+32 0.40490963E+32 0.79836386E+32 0.46496611E+30 0.15121349E+29 0.14252410E+29
 0.38673556E+32 0.39570875E+32 0.78022257E+32 0.45438392E+30 0.14777627E+29 0.13928625E+29
 0.37794757E+32 0.38671677E+32 0.76249315E+32 0.44404255E+30 0.14441714E+29 0.13612189E+29
 0.36935910E+32 0.37792895E+32 0.74516625E+32 0.43393653E+30 0.14113431E+29 0.13302934E+29
 0.36096564E+32 0.36934065E+32 0.72823277E+32 0.42406048E+30 0.13792605E+29 0.13000699E+29
 0.35276275E+32 0.36094735E+32 0.71168376E+32 0.41440920E+30 0.13479067E+29 0.12705324E+29
 0.34474611E+32 0.35274464E+32 0.69551052E+32 0.40497755E+30 0.13172652E+29 0.12416653E+29
 0.33691150E+32 0.34472819E+32 0.67970451E+32 0.39576054E+30 0.12873198E+29 0.12134535E+29
 0.32925480E+32 0.33689377E+32 0.66425743E+32 0.38675329E+30 0.12580547E+29 0.11858821E+29
 0.32177197E+32 0.32923726E+32 0.64916111E+32 0.37795102E+30 0.12294545E+29 0.11589367E+29
 0.31445906E+32 0.32175462E+32 0.63440761E+32 0.36934907E+30 0.12015041E+29 0.11326029E+29
 0.30731222E+32 0.31444190E+32 0.61998916E+32 0.36094289E+30 0.11741887E+29 0.11068669E+29
 0.30032769E+32 0.30729526E+32 0.60589814E+32 0.35272801E+30 0.11474939E+29 0.10817153E+29
 0.29350178E+32 0.30031093E+32 0.59212714E+32 0.34470008E+30 0.11214056E+29 0.10571347E+29
 0.28683089E+32 0.29348522E+32 0.57866890E+32 0.33685485E+30 0.10959101E+29 0.10331121E+29
 0.28031151E+32 0.28681454E+32 0.56551631E+32 0.32918817E+30 0.10709939E+29 0.10096350E+29
 0.27394020E+32 0.28029536E+32 0.55266245E+32 0.32169596E+30 0.10466438E+29 0.98669100E+28
 0.26771360E+32 0.27392425E+32 0.54010054E+32 0.31437426E+30 0.10228470E+29 0.96426795E+28
 0.26162843E+32 0.26769786E+32 0.52782396E+32 0.30721919E+30 0.99959101E+28 0.94235405E+28
 0.25568147E+32 0.26161289E+32 0.51582622E+32 0.30022696E+30 0.97686344E+28 0.92093777E+28
 0.24986960E+32 0.25566615E+32 0.50410101E+32 0.29339386E+30 0.95465234E+28 0.90000781E+28
 0.24418975E+32 0.24985448E+32 0.49264214E+32 0.28671626E+30 0.93294597E+28 0.87955316E+28
 0.23863892E+32 0.24417484E+32 0.48144356E+32 0.28019064E+30 0.91173288E+28 0.85956302E+28
 0.23321418E+32 0.23862421E+32 0.47049938E+32 0.27381353E+30 0.89100186E+28 0.84002686E+28
 0.22791267E+32 0.23319968E+32 0.45980381E+32 0.26758156E+30 0.87074197E+28 0.82093438E+28
 0.22273160E+32 0.22789838E+32 0.44935122E+32 0.26149141E+30 0.85094252E+28 0.80227551E+28
 0.21766823E+32 0.22271752E+32 0.43913608E+32 0.25553987E+30 0.83159304E+28 0.78404043E+28
 0.21271990E+32 0.21765436E+32 0.42915302E+32 0.24972378E+30 0.81268331E+28 0.76621952E+28
 0.20788398E+32 0.21270622E+32 0.41939676E+32 0.24404005E+30 0.79420336E+28 0.74880337E+28
 0.20315793E+32 0.20787051E+32 0.40986216E+32 0.23848568E+30 0.77614341E+28 0.73178281E+28
 0.19853926E+32 0.20314467E+32 0.40054418E+32 0.23305772E+30 0.75849394E+28 0.71514886E+28
 0.19402553E+32 0.19852620E+32 0.39143792E+32 0.22775329E+30 0.74124562E+28 0.69889274E+28
 0.18961435E+32 0.19401266E+32 0.38253855E+32 0.22256959E+30 0.72438933E+28 0.68300589E+28
 0.18530340E+32 0.18960169E+32 0.37384139E+32 0.21750386E+30 0.70791618E+28 0.66747993E+28
 0.18109040E+32 0.18529093E+32 0.36534184E+32 0.21255342E+30 0.69181746E+28 0.65230666E+28
 0.17697313E+32 0.18107813E+32 0.35703543E+32 0.20771565E+30 0.67608467E+28 0.63747808E+28
 0.17294942E+32 0.17696106E+32 0.34891776E+32 0.20298798E+30 0.66070950E+28 0.62298637E+28
 0.16901714E+32 0.17293754E+32 0.34098454E+32 0.19836791E+30 0.64568382E+28 0.60882389E+28
 0.16517421E+32 0.16900545E+32 0.33323160E+32 0.19385298E+30 0.63099969E+28 0.59498316E+28
 0.16141861E+32 0.16516271E+32 0.32565484E+32 0.18944082E+30 0.61664936E+28 0.58145687E+28
 0.15774836E+32 0.16140730E+32 0.31825026E+32 0.18512907E+30 0.60262524E+28 0.56823790E+28
 0.15416151E+32 0.15773723E+32 0.31101395E+32 0.18091545E+30 0.58891992E+28 0.55531926E+28
 0.15065617E+32 0.15415057E+32 0.30394208E+32 0.17679773E+30 0.57552616E+28 0.54269415E+28
 0.14723050E+32 0.15064542E+32 0.29703094E+32 0.17277373E+30 0.56243688E+28 0.53035589E+28
 0.14388268E+32 0.14721993E+32 0.29027685E+32 0.16884131E+30 0.54964517E+28 0.51829797E+28
 0.14061094E+32 0.14387228E+32 0.28367626E+32 0.16499839E+30 0.53714426E+28 0.50651404E+28
 0.13741356E+32 0.14060072E+32 0.27722569E+32 0.16124293E+30 0.52492755E+28 0.49499786E+28
 0.13428885E+32 0.13740352E+32 0.27092172E+32 0.15757295E+30 0.51298858E+28 0.48374337E+28
 0.13123516E+32 0.13427898E+32 0.26476103E+32 0.15398649E+30 0.50132104E+28 0.47274462E+28
 0.12825087E+32 0.13122546E+32 0.25874036E+32 0.15048166E+30 0.48991876E+28 0.46199580E+28
 0.12533442E+32 0.12824134E+32 0.25285653E+32 0.14705660E+30 0.47877572E+28 0.45149124E+28
 0.12248425E+32 0.12532505E+32 0.24710644E+32 0.14370949E+30 0.46788602E+28 0.44122539E+28
 0.11969886E+32 0.12247505E+32 0.24148705E+32 0.14043856E+30 0.45724391E+28 0.43119284E+28
 0.11697679E+32 0.11968983E+32 0.23599538E+32 0.13724207E+30 0.44684377E+28 0.42138829E+28
 0.11431659E+32 0.11696791E+32 0.23062854E+32 0.13411834E+30 0.43668009E+28 0.41180655E+28
 0.11171685E+32 0.11430787E+32 0.22538369E+32 0.13106570E+30 0.42674750E+28 0.40244258E+28
 0.10917621E+32 0.11170829E+32 0.22025806E+32 0.12808254E+30 0.41704075E+28 0.39329141E+28
 0.10669333E+32 0.10916781E+32 0.21524895E+32 0.12516728E+30 0.40755470E+28 0.38434823E+28
 0.10426688E+32 0.10668507E+32 0.21035370E+32 0.12231836E+30 0.39828435E+28 0.37560831E+28
 0.10189559E+32 0.10425878E+32 0.20556973E+32 0.11953429E+30 0.38922479E+28 0.36706703E+28
 0.99578212E+31 0.10188764E+32 0.20089451E+32 0.11681358E+30 0.38037123E+28 0.35871988E+28
 0.97313510E+31 0.99570401E+31 0.19632558E+32 0.11415480E+30 0.37171899E+28 0.35056245E+28
 0.95100292E+31 0.97305843E+31 0.19186051E+32 0.11155653E+30 0.36326349E+28 0.34259044E+28
 0.92937388E+31 0.95092766E+31 0.18749694E+32 0.10901740E+30 0.35500027E+28 0.33479962E+28
 0.90823655E+31 0.92930002E+31 0.18323258E+32 0.10653605E+30 0.34692494E+28 0.32718590E+28
 0.88757977E+31 0.90816406E+31 0.17906517E+32 0.10411119E+30 0.33903325E+28 0.31974523E+28
 0.86739260E+31 0.88750862E+31 0.17499249E+32 0.10174151E+30 0.33132101E+28 0.31247370E+28
 0.84766438E+31 0.86732279E+31 0.17101241E+32 0.99425767E+29 0.32378415E+28 0.30536746E+28
 0.82838469E+31 0.84759589E+31 0.16712282E+32 0.97162731E+29 0.31641869E+28 0.29842276E+28
 0.80954333E+31 0.82831748E+31 0.16332166E+32 0.94951203E+29 0.30922072E+28 0.29163592E+28
