# su gauss         1000 pg_dd (rev 1363)                                            
 0.81019104E+37 0.48557416E+37 0.96654039E+37 0.98677737E+37 0.11249300E+35 0.47140076E+33
 0.81421093E+37 0.48981779E+37 0.97493745E+37 0.98635901E+37 0.11317976E+35 0.47725341E+33
 0.81822140E+37 0.49407669E+37 0.98336348E+37 0.98587099E+37 0.11386407E+35 0.48315398E+33
 0.82222221E+37 0.49835056E+37 0.99181789E+37 0.98531344E+37 0.11454581E+35 0.48910256E+33
 0.82621307E+37 0.50263912E+37 0.10003001E+38 0.98468652E+37 0.11522487E+35 0.49509922E+33
 0.83019374E+37 0.50694206E+37 0.10088094E+38 0.98399038E+37 0.11590112E+35 0.50114404E+33
 0.83416393E+37 0.51125908E+37 0.10173452E+38 0.98322521E+37 0.11657445E+35 0.50723708E+33
 0.83812340E+37 0.51558985E+37 0.10259069E+38 0.98239122E+37 0.11724475E+35 0.51337840E+33
 0.84207187E+37 0.51993407E+37 0.10344938E+38 0.98148862E+37 0.11791188E+35 0.51956807E+33
 0.84600908E+37 0.52429141E+37 0.10431052E+38 0.98051765E+37 0.11857574E+35 0.52580613E+33
 0.84993477E+37 0.52866154E+37 0.10517405E+38 0.97947857E+37 0.11923620E+35 0.53209263E+33
 0.85384868E+37 0.53304413E+37 0.10603990E+38 0.97837165E+37 0.11989315E+35 0.53842761E+33
 0.85775054E+37 0.53743883E+37 0.10690799E+38 0.97719718E+37 0.12054646E+35 0.54481110E+33
 0.86164009E+37 0.54184530E+37 0.10777826E+38 0.97595547E+37 0.12119601E+35 0.55124313E+33
 0.86551708E+37 0.54626320E+37 0.10865064E+38 0.97464684E+37 0.12184169E+35 0.55772371E+33
 0.86938123E+37 0.55069216E+37 0.10952504E+38 0.97327164E+37 0.12248336E+35 0.56425287E+33
 0.87323229E+37 0.55513183E+37 0.11040140E+38 0.97183023E+37 0.12312092E+35 0.57083060E+33
 0.87706999E+37 0.55958183E+37 0.11127964E+38 0.97032296E+37 0.12375424E+35 0.57745691E+33
 0.88089409E+37 0.56404180E+37 0.11215969E+38 0.96875024E+37 0.12438319E+35 0.58413178E+33
 0.88470431E+37 0.56851137E+37 0.11304146E+38 0.96711248E+37 0.12500766E+35 0.59085523E+33
 0.88850041E+37 0.57299014E+37 0.11392488E+38 0.96541010E+37 0.12562753E+35 0.59762718E+33
 0.89228211E+37 0.57747774E+37 0.11480987E+38 0.96364355E+37 0.12624268E+35 0.60444763E+33
 0.89604917E+37 0.58197377E+37 0.11569636E+38 0.96181324E+37 0.12685297E+35 0.61131652E+33
 0.89980132E+37 0.58647784E+37 0.11658425E+38 0.95991968E+37 0.12745830E+35 0.61823382E+33
 0.90353830E+37 0.59098955E+37 0.11747347E+38 0.95796334E+37 0.12805855E+35 0.62519947E+33
 0.90725986E+37 0.59550848E+37 0.11836393E+38 0.95594472E+37 0.12865358E+35 0.63221339E+33
 0.91096575E+37 0.60003425E+37 0.11925555E+38 0.95386433E+37 0.12924329E+35 0.63927551E+33
 0.91465569E+37 0.60456642E+37 0.12014824E+38 0.95172270E+37 0.12982755E+35 0.64638575E+33
 0.91832945E+37 0.60910458E+37 0.12104193E+38 0.94952037E+37 0.13040625E+35 0.65354400E+33
 0.92198676E+37 0.61364831E+37 0.12193652E+38 0.94725789E+37 0.13097926E+35 0.66075017E+33
 0.92562767E+37 0.61819750E+37 0.12283199E+38 0.94493582E+37 0.13154646E+35 0.66800413E+33
 0.92925128E+37 0.62275105E+37 0.12372811E+38 0.94255476E+37 0.13210775E+35 0.67530575E+33
 0.93285771E+37 0.62730891E+37 0.12462488E+38 0.94011528E+37 0.13266299E+35 0.68265491E+33
 0.93644667E+37 0.63187061E+37 0.12552220E+38 0.93761800E+37 0.13321209E+35 0.69005145E+33
 0.94001790E+37 0.63643570E+37 0.12641998E+38 0.93506353E+37 0.13375491E+35 0.69749522E+33
 0.94357115E+37 0.64100373E+37 0.12731813E+38 0.93245250E+37 0.13429135E+35 0.70498604E+33
 0.94710617E+37 0.64557427E+37 0.12821655E+38 0.92978555E+37 0.13482129E+35 0.71252372E+33
 0.95062270E+37 0.65014684E+37 0.12911515E+38 0.92706333E+37 0.13534462E+35 0.72010808E+33
 0.95412050E+37 0.65472100E+37 0.13001385E+38 0.92428650E+37 0.13586122E+35 0.72773892E+33
 0.95759930E+37 0.65929629E+37 0.13091254E+38 0.92145573E+37 0.13637098E+35 0.73541600E+33
 0.96105885E+37 0.66387223E+37 0.13181113E+38 0.91857171E+37 0.13687380E+35 0.74313910E+33
 0.96449891E+37 0.66844837E+37 0.13270952E+38 0.91563512E+37 0.13736956E+35 0.75090797E+33
 0.96791933E+37 0.67302435E+37 0.13360766E+38 0.91264667E+37 0.13785816E+35 0.75872236E+33
 0.97131963E+37 0.67759946E+37 0.13450538E+38 0.90960707E+37 0.13833949E+35 0.76658200E+33
 0.97469968E+37 0.68217335E+37 0.13540262E+38 0.90651703E+37 0.13881344E+35 0.77448661E+33
 0.97805923E+37 0.68674553E+37 0.13629928E+38 0.90337728E+37 0.13927991E+35 0.78243588E+33
 0.98139803E+37 0.69131553E+37 0.13719526E+38 0.90018856E+37 0.13973880E+35 0.79042950E+33
 0.98471582E+37 0.69588286E+37 0.13809047E+38 0.89695161E+37 0.14018999E+35 0.79846716E+33
 0.98801236E+37 0.70044703E+37 0.13898480E+38 0.89366718E+37 0.14063340E+35 0.80654851E+33
 0.99128740E+37 0.70500757E+37 0.13987816E+38 0.89033602E+37 0.14106893E+35 0.81467319E+33
 0.99454068E+37 0.70956397E+37 0.14077045E+38 0.88695890E+37 0.14149647E+35 0.82284083E+33
 0.99777197E+37 0.71411574E+37 0.14166157E+38 0.88353659E+37 0.14191593E+35 0.83105106E+33
 0.10009811E+38 0.71866240E+37 0.14255141E+38 0.88007000E+37 0.14232721E+35 0.83930355E+33
 0.10041676E+38 0.72320345E+37 0.14343988E+38 0.87655964E+37 0.14273023E+35 0.84759773E+33
 0.10073314E+38 0.72773832E+37 0.14432686E+38 0.87300643E+37 0.14312489E+35 0.85593324E+33
 0.10104722E+38 0.73226664E+37 0.14521229E+38 0.86941116E+37 0.14351111E+35 0.86430965E+33
 0.10135898E+38 0.73678785E+37 0.14609603E+38 0.86577464E+37 0.14388878E+35 0.87272648E+33
 0.10166839E+38 0.74130146E+37 0.14697801E+38 0.86209765E+37 0.14425519E+35 0.88118326E+33
 0.10197543E+38 0.74580695E+37 0.14785810E+38 0.85838100E+37 0.14461826E+35 0.88967948E+33
 0.10228008E+38 0.75030383E+37 0.14873621E+38 0.85462550E+37 0.14496976E+35 0.89821465E+33
 0.10258230E+38 0.75479158E+37 0.14961224E+38 0.85083196E+37 0.14531248E+35 0.90678823E+33
 0.10288208E+38 0.75926972E+37 0.15048609E+38 0.84700119E+37 0.14564621E+35 0.91539967E+33
 0.10317939E+38 0.76373773E+37 0.15135766E+38 0.84313401E+37 0.14596787E+35 0.92404841E+33
 0.10347421E+38 0.76819511E+37 0.15222684E+38 0.83923124E+37 0.14628661E+35 0.93273386E+33
 0.10376753E+38 0.77265143E+37 0.15309554E+38 0.83529369E+37 0.14659309E+35 0.94145543E+33
 0.10405729E+38 0.77708607E+37 0.15395965E+38 0.83132219E+37 0.14689030E+35 0.95021250E+33
 0.10434449E+38 0.78150855E+37 0.15482107E+38 0.82731755E+37 0.14717826E+35 0.95900443E+33
 0.10462911E+38 0.78591838E+37 0.15567969E+38 0.82328061E+37 0.14745628E+35 0.96783058E+33
 0.10491111E+38 0.79031502E+37 0.15653541E+38 0.81921218E+37 0.14772590E+35 0.97669026E+33
 0.10519048E+38 0.79469802E+37 0.15738814E+38 0.81511308E+37 0.14798553E+35 0.98558279E+33
 0.10546720E+38 0.79906689E+37 0.15823778E+38 0.81098415E+37 0.14823560E+35 0.99450746E+33
 0.10574123E+38 0.80342106E+37 0.15908422E+38 0.80682621E+37 0.14847605E+35 0.10034635E+34
 0.10601255E+38 0.80776005E+37 0.15992735E+38 0.80264007E+37 0.14870685E+35 0.10124503E+34
 0.10628115E+38 0.81208336E+37 0.16076709E+38 0.79842656E+37 0.14892794E+35 0.10214669E+34
 0.10654700E+38 0.81639050E+37 0.16160332E+38 0.79418650E+37 0.14913926E+35 0.10305127E+34
 0.10681008E+38 0.82068096E+37 0.16243596E+38 0.78992071E+37 0.14934077E+35 0.10395867E+34
 0.10707036E+38 0.82495425E+37 0.16326489E+38 0.78563000E+37 0.14953243E+35 0.10486882E+34
 0.10732782E+38 0.82920987E+37 0.16409003E+38 0.78131519E+37 0.14971418E+35 0.10578164E+34
 0.10758245E+38 0.83344732E+37 0.16491127E+38 0.77697709E+37 0.14988600E+35 0.10669703E+34
 0.10783421E+38 0.83766611E+37 0.16572851E+38 0.77261652E+37 0.15004786E+35 0.10761491E+34
 0.10808309E+38 0.84186575E+37 0.16654166E+38 0.76823426E+37 0.15019970E+35 0.10853519E+34
 0.10832906E+38 0.84604575E+37 0.16735061E+38 0.76383114E+37 0.15034150E+35 0.10945777E+34
 0.10857210E+38 0.85020559E+37 0.16815527E+38 0.75940795E+37 0.15047324E+35 0.11038257E+34
 0.10881219E+38 0.85434484E+37 0.16895555E+38 0.75496549E+37 0.15059487E+35 0.11130947E+34
 0.10904931E+38 0.85846299E+37 0.16975134E+38 0.75050454E+37 0.15070639E+35 0.11223840E+34
 0.10928344E+38 0.86255956E+37 0.17054256E+38 0.74602590E+37 0.15080777E+35 0.11316924E+34
 0.10951455E+38 0.86663406E+37 0.17132910E+38 0.74153035E+37 0.15089898E+35 0.11410189E+34
 0.10974263E+38 0.87068602E+37 0.17211088E+38 0.73701867E+37 0.15098002E+35 0.11503625E+34
 0.10996766E+38 0.87471497E+37 0.17288779E+38 0.73249162E+37 0.15105087E+35 0.11597221E+34
 0.11018960E+38 0.87872043E+37 0.17365975E+38 0.72795000E+37 0.15111152E+35 0.11690966E+34
 0.11040845E+38 0.88270193E+37 0.17442665E+38 0.72339454E+37 0.15116196E+35 0.11784849E+34
 0.11062419E+38 0.88665901E+37 0.17518842E+38 0.71882602E+37 0.15120218E+35 0.11878860E+34
 0.11083678E+38 0.89059120E+37 0.17594495E+38 0.71424519E+37 0.15123219E+35 0.11972985E+34
 0.11104622E+38 0.89449804E+37 0.17669615E+38 0.70965279E+37 0.15125198E+35 0.12067215E+34
 0.11125248E+38 0.89837908E+37 0.17744195E+38 0.70504956E+37 0.15126155E+35 0.12161536E+34
 0.11145554E+38 0.90223384E+37 0.17818223E+38 0.70043624E+37 0.15126091E+35 0.12255936E+34
 0.11165538E+38 0.90606189E+37 0.17891693E+38 0.69581356E+37 0.15125006E+35 0.12350404E+34
 0.11185199E+38 0.90986276E+37 0.17964594E+38 0.69118223E+37 0.15122902E+35 0.12444927E+34
 0.11204534E+38 0.91363603E+37 0.18036918E+38 0.68654297E+37 0.15119780E+35 0.12539493E+34
 0.11223542E+38 0.91738123E+37 0.18108657E+38 0.68189650E+37 0.15115641E+35 0.12634087E+34
 0.11242220E+38 0.92109792E+37 0.18179801E+38 0.67724350E+37 0.15110487E+35 0.12728697E+34
 0.11260567E+38 0.92478568E+37 0.18250342E+38 0.67258468E+37 0.15104320E+35 0.12823311E+34
 0.11278580E+38 0.92844406E+37 0.18320272E+38 0.66792072E+37 0.15097142E+35 0.12917914E+34
 0.11296259E+38 0.93207264E+37 0.18389582E+38 0.66325229E+37 0.15088955E+35 0.13012492E+34
 0.11313600E+38 0.93567097E+37 0.18458264E+38 0.65858008E+37 0.15079764E+35 0.13107033E+34
 0.11330604E+38 0.93923865E+37 0.18526309E+38 0.65390474E+37 0.15069572E+35 0.13201521E+34
 0.11347266E+38 0.94277523E+37 0.18593710E+38 0.64922694E+37 0.15058379E+35 0.13295942E+34
 0.11363586E+38 0.94628031E+37 0.18660458E+38 0.64454731E+37 0.15046191E+35 0.13390283E+34
 0.11379562E+38 0.94975346E+37 0.18726544E+38 0.63986649E+37 0.15033012E+35 0.13484528E+34
 0.11395192E+38 0.95319427E+37 0.18791962E+38 0.63518513E+37 0.15018844E+35 0.13578663E+34
 0.11410475E+38 0.95660234E+37 0.18856704E+38 0.63050384E+37 0.15003694E+35 0.13672672E+34
 0.11425408E+38 0.95997724E+37 0.18920760E+38 0.62582325E+37 0.14987567E+35 0.13766541E+34
 0.11439990E+38 0.96331857E+37 0.18984124E+38 0.62114394E+37 0.14970462E+35 0.13860255E+34
 0.11454219E+38 0.96662593E+37 0.19046787E+38 0.61646653E+37 0.14952388E+35 0.13953797E+34
 0.11468093E+38 0.96989892E+37 0.19108743E+38 0.61179161E+37 0.14933348E+35 0.14047152E+34
 0.11481612E+38 0.97313714E+37 0.19169982E+38 0.60711976E+37 0.14913351E+35 0.14140304E+34
 0.11494772E+38 0.97634020E+37 0.19230499E+38 0.60245154E+37 0.14892405E+35 0.14233237E+34
 0.11507572E+38 0.97950769E+37 0.19290285E+38 0.59778753E+37 0.14870504E+35 0.14325936E+34
 0.11520011E+38 0.98263924E+37 0.19349333E+38 0.59312828E+37 0.14847671E+35 0.14418383E+34
 0.11532087E+38 0.98573444E+37 0.19407636E+38 0.58847433E+37 0.14823893E+35 0.14510563E+34
 0.11543798E+38 0.98879292E+37 0.19465186E+38 0.58382623E+37 0.14799190E+35 0.14602459E+34
 0.11555142E+38 0.99181429E+37 0.19521976E+38 0.57918451E+37 0.14773567E+35 0.14694053E+34
 0.11566119E+38 0.99479817E+37 0.19577998E+38 0.57454968E+37 0.14747038E+35 0.14785330E+34
 0.11576725E+38 0.99774417E+37 0.19633246E+38 0.56992226E+37 0.14719580E+35 0.14876273E+34
 0.11586961E+38 0.10006519E+38 0.19687713E+38 0.56530275E+37 0.14691232E+35 0.14966863E+34
 0.11596822E+38 0.10035210E+38 0.19741391E+38 0.56069164E+37 0.14661995E+35 0.15057085E+34
 0.11606310E+38 0.10063511E+38 0.19794274E+38 0.55608942E+37 0.14631863E+35 0.15146920E+34
 0.11615420E+38 0.10091419E+38 0.19846354E+38 0.55149657E+37 0.14600858E+35 0.15236351E+34
 0.11624153E+38 0.10118928E+38 0.19897624E+38 0.54691355E+37 0.14568983E+35 0.15325361E+34
 0.11632506E+38 0.10146037E+38 0.19948080E+38 0.54234082E+37 0.14536246E+35 0.15413932E+34
 0.11640477E+38 0.10172741E+38 0.19997711E+38 0.53777883E+37 0.14502662E+35 0.15502047E+34
 0.11648064E+38 0.10199035E+38 0.20046512E+38 0.53322802E+37 0.14468221E+35 0.15589687E+34
 0.11655267E+38 0.10224918E+38 0.20094476E+38 0.52868883E+37 0.14432948E+35 0.15676834E+34
 0.11662083E+38 0.10250384E+38 0.20141596E+38 0.52416167E+37 0.14396849E+35 0.15763471E+34
 0.11668511E+38 0.10275431E+38 0.20187866E+38 0.51964696E+37 0.14359930E+35 0.15849580E+34
 0.11674551E+38 0.10300054E+38 0.20233279E+38 0.51514565E+37 0.14322202E+35 0.15935142E+34
 0.11680197E+38 0.10324250E+38 0.20277828E+38 0.51065705E+37 0.14283674E+35 0.16020139E+34
 0.11685449E+38 0.10348015E+38 0.20321508E+38 0.50618209E+37 0.14244355E+35 0.16104553E+34
 0.11690199E+38 0.10371239E+38 0.20364523E+38 0.50172114E+37 0.14204254E+35 0.16188367E+34
 0.11694766E+38 0.10394238E+38 0.20406227E+38 0.49727459E+37 0.14163380E+35 0.16271561E+34
 0.11698827E+38 0.10416689E+38 0.20447255E+38 0.49284279E+37 0.14121745E+35 0.16354117E+34
 0.11702488E+38 0.10438694E+38 0.20487386E+38 0.48842630E+37 0.14079357E+35 0.16436017E+34
 0.11705746E+38 0.10460250E+38 0.20526613E+38 0.48402506E+37 0.14036227E+35 0.16517243E+34
 0.11708600E+38 0.10481353E+38 0.20564930E+38 0.47963961E+37 0.13992364E+35 0.16597776E+34
 0.11711047E+38 0.10502000E+38 0.20602330E+38 0.47527027E+37 0.13947778E+35 0.16677598E+34
 0.11713087E+38 0.10522186E+38 0.20638807E+38 0.47091738E+37 0.13902481E+35 0.16756691E+34
 0.11714716E+38 0.10541908E+38 0.20674354E+38 0.46658123E+37 0.13856482E+35 0.16835036E+34
 0.11715934E+38 0.10561162E+38 0.20708965E+38 0.46226214E+37 0.13809791E+35 0.16912616E+34
 0.11716738E+38 0.10579945E+38 0.20742632E+38 0.45796040E+37 0.13762420E+35 0.16989411E+34
 0.11717126E+38 0.10598253E+38 0.20775350E+38 0.45367630E+37 0.13714379E+35 0.17065404E+34
 0.11717096E+38 0.10616081E+38 0.20807111E+38 0.44941011E+37 0.13665678E+35 0.17140576E+34
 0.11716647E+38 0.10633427E+38 0.20837909E+38 0.44516211E+37 0.13616328E+35 0.17214910E+34
 0.11715776E+38 0.10650286E+38 0.20867738E+38 0.44093257E+37 0.13566340E+35 0.17288388E+34
 0.11714481E+38 0.10666655E+38 0.20896590E+38 0.43672174E+37 0.13515725E+35 0.17360991E+34
 0.11712761E+38 0.10682529E+38 0.20924460E+38 0.43252987E+37 0.13464494E+35 0.17432702E+34
 0.11710612E+38 0.10697905E+38 0.20951340E+38 0.42835720E+37 0.13412658E+35 0.17503503E+34
 0.11708034E+38 0.10712780E+38 0.20977223E+38 0.42420397E+37 0.13360227E+35 0.17573376E+34
 0.11705027E+38 0.10727148E+38 0.21002104E+38 0.42007157E+37 0.13307213E+35 0.17642304E+34
 0.11701582E+38 0.10741007E+38 0.21025974E+38 0.41595787E+37 0.13253626E+35 0.17710269E+34
 0.11697701E+38 0.10754351E+38 0.21048829E+38 0.41186427E+37 0.13199479E+35 0.17777255E+34
 0.11693380E+38 0.10767179E+38 0.21070660E+38 0.40779096E+37 0.13144782E+35 0.17843242E+34
 0.11688619E+38 0.10779484E+38 0.21091461E+38 0.40373816E+37 0.13089546E+35 0.17908218E+34
 0.11683415E+38 0.10791264E+38 0.21111225E+38 0.39970605E+37 0.13033782E+35 0.17972162E+34
 0.11677764E+38 0.10802514E+38 0.21129944E+38 0.39569480E+37 0.12977502E+35 0.18035059E+34
 0.11671666E+38 0.10813231E+38 0.21147614E+38 0.39170462E+37 0.12920717E+35 0.18096891E+34
 0.11665119E+38 0.10823411E+38 0.21164228E+38 0.38773565E+37 0.12863438E+35 0.18157642E+34
 0.11658119E+38 0.10833049E+38 0.21179777E+38 0.38378807E+37 0.12805676E+35 0.18217298E+34
 0.11650664E+38 0.10842141E+38 0.21194255E+38 0.37986204E+37 0.12747442E+35 0.18275842E+34
 0.11642752E+38 0.10850683E+38 0.21207654E+38 0.37595771E+37 0.12688748E+35 0.18333259E+34
 0.11634380E+38 0.10858671E+38 0.21219969E+38 0.37207523E+37 0.12629605E+35 0.18389531E+34
 0.11625546E+38 0.10866102E+38 0.21231193E+38 0.36821473E+37 0.12570025E+35 0.18444644E+34
 0.11616247E+38 0.10872970E+38 0.21241317E+38 0.36437635E+37 0.12510017E+35 0.18498584E+34
 0.11606482E+38 0.10879272E+38 0.21250336E+38 0.36056022E+37 0.12449594E+35 0.18551335E+34
 0.11596247E+38 0.10885004E+38 0.21258243E+38 0.35676646E+37 0.12388766E+35 0.18602884E+34
 0.11585541E+38 0.10890161E+38 0.21265030E+38 0.35299518E+37 0.12327545E+35 0.18653215E+34
 0.11574360E+38 0.10894740E+38 0.21270691E+38 0.34924650E+37 0.12265942E+35 0.18702313E+34
 0.11562702E+38 0.10898736E+38 0.21275219E+38 0.34552053E+37 0.12203967E+35 0.18750168E+34
 0.11550565E+38 0.10902144E+38 0.21278607E+38 0.34181736E+37 0.12141633E+35 0.18796767E+34
 0.11537946E+38 0.10904962E+38 0.21280848E+38 0.33813710E+37 0.12078949E+35 0.18842092E+34
 0.11524747E+38 0.10907091E+38 0.21281746E+38 0.33447982E+37 0.12015926E+35 0.18886131E+34
 0.11511158E+38 0.10908714E+38 0.21281674E+38 0.33084561E+37 0.11952576E+35 0.18928876E+34
 0.11497078E+38 0.10909735E+38 0.21280434E+38 0.32723456E+37 0.11888909E+35 0.18970311E+34
 0.11482508E+38 0.10910148E+38 0.21278020E+38 0.32364674E+37 0.11824937E+35 0.19010425E+34
 0.11467443E+38 0.10909950E+38 0.21274427E+38 0.32008223E+37 0.11760669E+35 0.19049207E+34
 0.11451880E+38 0.10909136E+38 0.21269645E+38 0.31654107E+37 0.11696117E+35 0.19086645E+34
 0.11435819E+38 0.10907702E+38 0.21263668E+38 0.31302335E+37 0.11631291E+35 0.19122728E+34
 0.11419256E+38 0.10905644E+38 0.21256492E+38 0.30952911E+37 0.11566200E+35 0.19157468E+34
 0.11402189E+38 0.10902959E+38 0.21248108E+38 0.30605841E+37 0.11500870E+35 0.19191006E+34
 0.11384615E+38 0.10899642E+38 0.21238511E+38 0.30261129E+37 0.11435274E+35 0.19222742E+34
 0.11366533E+38 0.10895689E+38 0.21227694E+38 0.29918780E+37 0.11369457E+35 0.19253313E+34
 0.11347939E+38 0.10891098E+38 0.21215651E+38 0.29578799E+37 0.11303418E+35 0.19282490E+34
 0.11328832E+38 0.10885863E+38 0.21202377E+38 0.29241188E+37 0.11237167E+35 0.19310223E+34
 0.11309209E+38 0.10879981E+38 0.21187863E+38 0.28905951E+37 0.11170714E+35 0.19336552E+34
 0.11289068E+38 0.10873448E+38 0.21172106E+38 0.28573091E+37 0.11104070E+35 0.19361452E+34
 0.11268408E+38 0.10866261E+38 0.21155100E+38 0.28242610E+37 0.11037244E+35 0.19384917E+34
 0.11247225E+38 0.10858416E+38 0.21136838E+38 0.27914511E+37 0.10970246E+35 0.19406941E+34
 0.11225517E+38 0.10849910E+38 0.21117315E+38 0.27588795E+37 0.10903087E+35 0.19427515E+34
 0.11203284E+38 0.10840739E+38 0.21096525E+38 0.27265464E+37 0.10835777E+35 0.19446600E+34
 0.11180523E+38 0.10830901E+38 0.21074465E+38 0.26944519E+37 0.10768321E+35 0.19464292E+34
 0.11157231E+38 0.10820390E+38 0.21051128E+38 0.26625960E+37 0.10700734E+35 0.19480473E+34
 0.11133408E+38 0.10809206E+38 0.21026509E+38 0.26309790E+37 0.10633022E+35 0.19495200E+34
 0.11109051E+38 0.10797344E+38 0.21000605E+38 0.25996006E+37 0.10565196E+35 0.19508443E+34
 0.11084160E+38 0.10784802E+38 0.20973411E+38 0.25684611E+37 0.10497264E+35 0.19520209E+34
 0.11058732E+38 0.10771576E+38 0.20944922E+38 0.25375602E+37 0.10429237E+35 0.19530494E+34
 0.11032763E+38 0.10757665E+38 0.20915134E+38 0.25068918E+37 0.10361122E+35 0.19539280E+34
 0.11006258E+38 0.10743065E+38 0.20884045E+38 0.24764682E+37 0.10292930E+35 0.19546579E+34
 0.10979212E+38 0.10727775E+38 0.20851649E+38 0.24462830E+37 0.10224668E+35 0.19552388E+34
 0.10951625E+38 0.10711791E+38 0.20817945E+38 0.24163362E+37 0.10156347E+35 0.19556705E+34
 0.10923495E+38 0.10695113E+38 0.20782929E+38 0.23866275E+37 0.10087973E+35 0.19559531E+34
 0.10894822E+38 0.10677737E+38 0.20746599E+38 0.23571568E+37 0.10019556E+35 0.19560860E+34
 0.10865605E+38 0.10659662E+38 0.20708951E+38 0.23279238E+37 0.99511041E+34 0.19560679E+34
 0.10835843E+38 0.10640887E+38 0.20669984E+38 0.22989284E+37 0.98826266E+34 0.19559000E+34
 0.10805536E+38 0.10621409E+38 0.20629697E+38 0.22701702E+37 0.98141307E+34 0.19555838E+34
 0.10774683E+38 0.10601229E+38 0.20588088E+38 0.22416490E+37 0.97456246E+34 0.19551177E+34
 0.10743285E+38 0.10580343E+38 0.20545155E+38 0.22133646E+37 0.96771165E+34 0.19545020E+34
 0.10711342E+38 0.10558753E+38 0.20500898E+38 0.21853165E+37 0.96086144E+34 0.19537370E+34
 0.10678853E+38 0.10536456E+38 0.20455317E+38 0.21575045E+37 0.95401260E+34 0.19528229E+34
 0.10645818E+38 0.10513453E+38 0.20408412E+38 0.21299281E+37 0.94716592E+34 0.19517600E+34
 0.10612239E+38 0.10489743E+38 0.20360183E+38 0.21025871E+37 0.94032216E+34 0.19505485E+34
 0.10578116E+38 0.10465327E+38 0.20310631E+38 0.20754810E+37 0.93348205E+34 0.19491889E+34
 0.10543451E+38 0.10440203E+38 0.20259757E+38 0.20486095E+37 0.92664635E+34 0.19476814E+34
 0.10508242E+38 0.10414373E+38 0.20207561E+38 0.20219720E+37 0.91981579E+34 0.19460267E+34
 0.10472493E+38 0.10387838E+38 0.20154049E+38 0.19955682E+37 0.91299108E+34 0.19442250E+34
 0.10436205E+38 0.10360598E+38 0.20099221E+38 0.19693977E+37 0.90617292E+34 0.19422770E+34
 0.10399379E+38 0.10332655E+38 0.20043080E+38 0.19434598E+37 0.89936203E+34 0.19401832E+34
 0.10362017E+38 0.10304009E+38 0.19985630E+38 0.19177542E+37 0.89255908E+34 0.19379441E+34
 0.10324121E+38 0.10274663E+38 0.19926874E+38 0.18922803E+37 0.88576476E+34 0.19355606E+34
 0.10285693E+38 0.10244619E+38 0.19866818E+38 0.18670377E+37 0.87897972E+34 0.19330332E+34
 0.10246736E+38 0.10213878E+38 0.19805465E+38 0.18420257E+37 0.87220462E+34 0.19303627E+34
 0.10207252E+38 0.10182443E+38 0.19742822E+38 0.18172439E+37 0.86544010E+34 0.19275498E+34
 0.10167244E+38 0.10150318E+38 0.19678894E+38 0.17926917E+37 0.85868681E+34 0.19245954E+34
 0.10126716E+38 0.10117504E+38 0.19613688E+38 0.17683685E+37 0.85194534E+34 0.19215003E+34
 0.10085671E+38 0.10084006E+38 0.19547209E+38 0.17442737E+37 0.84521633E+34 0.19182654E+34
 0.10044111E+38 0.10049826E+38 0.19479467E+38 0.17204067E+37 0.83850037E+34 0.19148916E+34
 0.10002042E+38 0.10014970E+38 0.19410468E+38 0.16967669E+37 0.83179805E+34 0.19113800E+34
 0.99594675E+37 0.99794402E+37 0.19340222E+38 0.16733538E+37 0.82510996E+34 0.19077314E+34
 0.99163909E+37 0.99432425E+37 0.19268737E+38 0.16501665E+37 0.81843664E+34 0.19039468E+34
 0.98728853E+37 0.99064492E+37 0.19196158E+38 0.16272045E+37 0.81177864E+34 0.19000275E+34
 0.98288188E+37 0.98689290E+37 0.19122224E+38 0.16044672E+37 0.80513654E+34 0.18959761E+34
 0.97842648E+37 0.98307558E+37 0.19047081E+38 0.15819538E+37 0.79851093E+34 0.18917908E+34
 0.97392290E+37 0.97919357E+37 0.18970741E+38 0.15596636E+37 0.79190230E+34 0.18874736E+34
 0.96937163E+37 0.97524743E+37 0.18893215E+38 0.15375959E+37 0.78531112E+34 0.18830266E+34
 0.96477328E+37 0.97123782E+37 0.18814516E+38 0.15157501E+37 0.77873792E+34 0.18784510E+34
 0.96012842E+37 0.96716541E+37 0.18734657E+38 0.14941254E+37 0.77218350E+34 0.18737480E+34
 0.95543768E+37 0.96303089E+37 0.18653650E+38 0.14727210E+37 0.76564747E+34 0.18689189E+34
 0.95070171E+37 0.95883499E+37 0.18571511E+38 0.14515362E+37 0.75913119E+34 0.18639650E+34
 0.94592116E+37 0.95457847E+37 0.18488253E+38 0.14305702E+37 0.75263506E+34 0.18588870E+34
 0.94109673E+37 0.95026212E+37 0.18403891E+38 0.14098222E+37 0.74615886E+34 0.18536860E+34
 0.93622913E+37 0.94588676E+37 0.18318441E+38 0.13892915E+37 0.73970368E+34 0.18483649E+34
 0.93131909E+37 0.94145324E+37 0.18231919E+38 0.13689772E+37 0.73326969E+34 0.18429257E+34
 0.92636738E+37 0.93696244E+37 0.18144342E+38 0.13488785E+37 0.72685740E+34 0.18373694E+34
 0.92137477E+37 0.93241527E+37 0.18055727E+38 0.13289946E+37 0.72046823E+34 0.18316714E+34
 0.91634208E+37 0.92781266E+37 0.17966090E+38 0.13093246E+37 0.71409942E+34 0.18259051E+34
 0.91127010E+37 0.92315556E+37 0.17875451E+38 0.12898677E+37 0.70775575E+34 0.18199808E+34
 0.90615976E+37 0.91844506E+37 0.17783829E+38 0.12706229E+37 0.70143314E+34 0.18139897E+34
 0.90101177E+37 0.91368198E+37 0.17691240E+38 0.12515894E+37 0.69513531E+34 0.18078664E+34
 0.89582714E+37 0.90886753E+37 0.17597706E+38 0.12327663E+37 0.68886152E+34 0.18016349E+34
 0.89060675E+37 0.90400272E+37 0.17503246E+38 0.12141527E+37 0.68261254E+34 0.17953293E+34
 0.88535152E+37 0.89908865E+37 0.17407882E+38 0.11957476E+37 0.67638760E+34 0.17888501E+34
 0.88006234E+37 0.89412637E+37 0.17311632E+38 0.11775501E+37 0.67018801E+34 0.17823063E+34
 0.87474026E+37 0.88911717E+37 0.17214519E+38 0.11595593E+37 0.66401396E+34 0.17756591E+34
 0.86938622E+37 0.88406212E+37 0.17116565E+38 0.11417741E+37 0.65786562E+34 0.17689067E+34
 0.86400121E+37 0.87896243E+37 0.17017792E+38 0.11241936E+37 0.65174348E+34 0.17620572E+34
 0.85858650E+37 0.87381956E+37 0.16918227E+38 0.11068167E+37 0.64564733E+34 0.17551190E+34
 0.85314259E+37 0.86863420E+37 0.16817882E+38 0.10896426E+37 0.63957810E+34 0.17480811E+34
 0.84767097E+37 0.86340813E+37 0.16716790E+38 0.10726700E+37 0.63353583E+34 0.17409503E+34
 0.84217230E+37 0.85814208E+37 0.16614965E+38 0.10558981E+37 0.62752082E+34 0.17337284E+34
 0.83664784E+37 0.85283758E+37 0.16512436E+38 0.10393256E+37 0.62153333E+34 0.17264172E+34
 0.83109866E+37 0.84749594E+37 0.16409225E+38 0.10229517E+37 0.61557362E+34 0.17190185E+34
 0.82552584E+37 0.84211845E+37 0.16305359E+38 0.10067751E+37 0.60964197E+34 0.17115341E+34
 0.81993049E+37 0.83670644E+37 0.16200860E+38 0.99079474E+36 0.60373862E+34 0.17039655E+34
 0.81431370E+37 0.83126124E+37 0.16095754E+38 0.97500957E+36 0.59786380E+34 0.16963152E+34
 0.80867659E+37 0.82578420E+37 0.15990065E+38 0.95941844E+36 0.59201777E+34 0.16885846E+34
 0.80302026E+37 0.82027665E+37 0.15883817E+38 0.94402019E+36 0.58620074E+34 0.16807756E+34
 0.79734584E+37 0.81473997E+37 0.15777037E+38 0.92881367E+36 0.58041293E+34 0.16728901E+34
 0.79165446E+37 0.80917551E+37 0.15669750E+38 0.91379772E+36 0.57465456E+34 0.16649299E+34
 0.78594725E+37 0.80358465E+37 0.15561980E+38 0.89897115E+36 0.56892585E+34 0.16568971E+34
 0.78022534E+37 0.79796877E+37 0.15453752E+38 0.88433277E+36 0.56322697E+34 0.16487930E+34
 0.77447868E+37 0.79231435E+37 0.15344835E+38 0.86988135E+36 0.55755812E+34 0.16406201E+34
 0.76873090E+37 0.78665272E+37 0.15235773E+38 0.85561569E+36 0.55191950E+34 0.16323799E+34
 0.76297177E+37 0.78097018E+37 0.15126330E+38 0.84153314E+36 0.54631127E+34 0.16240744E+34
 0.75720250E+37 0.77526812E+37 0.15016531E+38 0.82763527E+36 0.54073362E+34 0.16157054E+34
 0.75142426E+37 0.76954800E+37 0.14906402E+38 0.81391941E+36 0.53518671E+34 0.16072748E+34
 0.74563811E+37 0.76381110E+37 0.14795969E+38 0.80038428E+36 0.52967069E+34 0.15987844E+34
 0.73984518E+37 0.75805884E+37 0.14685256E+38 0.78702859E+36 0.52418573E+34 0.15902361E+34
 0.73404661E+37 0.75229257E+37 0.14574289E+38 0.77385104E+36 0.51873197E+34 0.15816317E+34
 0.72824351E+37 0.74651367E+37 0.14463093E+38 0.76085032E+36 0.51330955E+34 0.15729733E+34
 0.72243698E+37 0.74072347E+37 0.14351693E+38 0.74802512E+36 0.50791861E+34 0.15642624E+34
 0.71662812E+37 0.73492332E+37 0.14240113E+38 0.73537409E+36 0.50255928E+34 0.15555009E+34
 0.71081803E+37 0.72911456E+37 0.14128379E+38 0.72289589E+36 0.49723167E+34 0.15466908E+34
 0.70502050E+37 0.72331544E+37 0.14016807E+38 0.71058918E+36 0.49193592E+34 0.15378338E+34
 0.69921107E+37 0.71749327E+37 0.13904833E+38 0.69845258E+36 0.48667216E+34 0.15289318E+34
 0.69340362E+37 0.71166642E+37 0.13792776E+38 0.68648472E+36 0.48144051E+34 0.15199865E+34
 0.68759918E+37 0.70583615E+37 0.13680660E+38 0.67468422E+36 0.47624106E+34 0.15109998E+34
 0.68179881E+37 0.70000375E+37 0.13568509E+38 0.66304967E+36 0.47107390E+34 0.15019734E+34
 0.67600352E+37 0.69417046E+37 0.13456345E+38 0.65157969E+36 0.46593914E+34 0.14929091E+34
 0.67021433E+37 0.68833753E+37 0.13344191E+38 0.64027286E+36 0.46083686E+34 0.14838087E+34
 0.66443222E+37 0.68250616E+37 0.13232070E+38 0.62912775E+36 0.45576716E+34 0.14746739E+34
 0.65865828E+37 0.67667769E+37 0.13120006E+38 0.61814295E+36 0.45073013E+34 0.14655065E+34
 0.65289326E+37 0.67085303E+37 0.13008017E+38 0.60731702E+36 0.44572586E+34 0.14563082E+34
 0.64713822E+37 0.66503347E+37 0.12896125E+38 0.59664851E+36 0.44075440E+34 0.14470807E+34
 0.64139407E+37 0.65922015E+37 0.12784353E+38 0.58613598E+36 0.43581586E+34 0.14378257E+34
 0.63566188E+37 0.65341418E+37 0.12672720E+38 0.57578227E+36 0.43091028E+34 0.14285449E+34
 0.62994225E+37 0.64761666E+37 0.12561247E+38 0.56557724E+36 0.42603768E+34 0.14192401E+34
 0.62423619E+37 0.64182865E+37 0.12449953E+38 0.55552382E+36 0.42119823E+34 0.14099127E+34
 0.61854458E+37 0.63605122E+37 0.12338859E+38 0.54562052E+36 0.41639194E+34 0.14005646E+34
 0.61286824E+37 0.63028538E+37 0.12227983E+38 0.53586589E+36 0.41161888E+34 0.13911973E+34
 0.60720798E+37 0.62453213E+37 0.12117344E+38 0.52625842E+36 0.40687910E+34 0.13818123E+34
 0.60156462E+37 0.61879245E+37 0.12006960E+38 0.51679666E+36 0.40217265E+34 0.13724115E+34
 0.59593892E+37 0.61306730E+37 0.11896848E+38 0.50747910E+36 0.39749958E+34 0.13629962E+34
 0.59033165E+37 0.60735761E+37 0.11787027E+38 0.49830426E+36 0.39285994E+34 0.13535680E+34
 0.58474354E+37 0.60166427E+37 0.11677512E+38 0.48927065E+36 0.38825376E+34 0.13441286E+34
 0.57917532E+37 0.59598817E+37 0.11568320E+38 0.48037677E+36 0.38368110E+34 0.13346793E+34
 0.57362767E+37 0.59033016E+37 0.11459468E+38 0.47162114E+36 0.37914199E+34 0.13252218E+34
 0.56809109E+37 0.58467750E+37 0.11350735E+38 0.46300226E+36 0.37463646E+34 0.13157575E+34
 0.56258672E+37 0.57905828E+37 0.11242609E+38 0.45451863E+36 0.37016455E+34 0.13062879E+34
 0.55710490E+37 0.57345957E+37 0.11134867E+38 0.44616875E+36 0.36572630E+34 0.12968144E+34
 0.55164625E+37 0.56788211E+37 0.11027524E+38 0.43795114E+36 0.36132173E+34 0.12873385E+34
 0.54621136E+37 0.56232663E+37 0.10920593E+38 0.42986429E+36 0.35695086E+34 0.12778615E+34
 0.54080081E+37 0.55679386E+37 0.10814092E+38 0.42190671E+36 0.35261372E+34 0.12683849E+34
 0.53542478E+37 0.55129727E+37 0.10707799E+38 0.41407690E+36 0.34831034E+34 0.12589101E+34
 0.53005501E+37 0.54579919E+37 0.10602404E+38 0.40637339E+36 0.34404072E+34 0.12494383E+34
 0.52472071E+37 0.54033845E+37 0.10497249E+38 0.39879468E+36 0.33980490E+34 0.12399709E+34
 0.51941284E+37 0.53490298E+37 0.10392567E+38 0.39133928E+36 0.33560284E+34 0.12305092E+34
 0.51413189E+37 0.52949334E+37 0.10288371E+38 0.38400571E+36 0.33143463E+34 0.12210546E+34
 0.50887831E+37 0.52411011E+37 0.10184670E+38 0.37679250E+36 0.32730024E+34 0.12116082E+34
 0.50365254E+37 0.51875382E+37 0.10081474E+38 0.36969816E+36 0.32319969E+34 0.12021713E+34
 0.49845499E+37 0.51342499E+37 0.99787939E+37 0.36272124E+36 0.31913297E+34 0.11927452E+34
 0.49328608E+37 0.50812410E+37 0.98766387E+37 0.35586025E+36 0.31510009E+34 0.11833311E+34
 0.48814617E+37 0.50285162E+37 0.97750171E+37 0.34911375E+36 0.31110105E+34 0.11739301E+34
 0.48303565E+37 0.49760802E+37 0.96739382E+37 0.34248027E+36 0.30713583E+34 0.11645434E+34
 0.47795486E+37 0.49239371E+37 0.95734100E+37 0.33595837E+36 0.30320445E+34 0.11551721E+34
 0.47290412E+37 0.48720910E+37 0.94734403E+37 0.32954660E+36 0.29930688E+34 0.11458174E+34
 0.46788376E+37 0.48205458E+37 0.93740366E+37 0.32324352E+36 0.29544313E+34 0.11364804E+34
 0.46289408E+37 0.47693051E+37 0.92752060E+37 0.31704771E+36 0.29161317E+34 0.11271621E+34
 0.45793535E+37 0.47183725E+37 0.91769554E+37 0.31095773E+36 0.28781698E+34 0.11178636E+34
 0.45300784E+37 0.46677512E+37 0.90792911E+37 0.30497218E+36 0.28405456E+34 0.11085859E+34
 0.44811181E+37 0.46174443E+37 0.89822192E+37 0.29908964E+36 0.28032587E+34 0.10993301E+34
 0.44324749E+37 0.45674549E+37 0.88857456E+37 0.29330872E+36 0.27663088E+34 0.10900972E+34
 0.43841511E+37 0.45177855E+37 0.87898756E+37 0.28762802E+36 0.27296958E+34 0.10808880E+34
 0.43361487E+37 0.44684390E+37 0.86946144E+37 0.28204615E+36 0.26934193E+34 0.10717037E+34
 0.42884698E+37 0.44194176E+37 0.85999669E+37 0.27656175E+36 0.26574788E+34 0.10625450E+34
 0.42411455E+37 0.43707628E+37 0.85060055E+37 0.27117344E+36 0.26218742E+34 0.10534130E+34
 0.41941183E+37 0.43223979E+37 0.84125977E+37 0.26587986E+36 0.25866048E+34 0.10443085E+34
 0.41474206E+37 0.42743645E+37 0.83198164E+37 0.26068259E+36 0.25516703E+34 0.10352323E+34
 0.41010518E+37 0.42266645E+37 0.82276653E+37 0.25557440E+36 0.25170702E+34 0.10261854E+34
 0.40550142E+37 0.41792996E+37 0.81361479E+37 0.25055694E+36 0.24828040E+34 0.10171685E+34
 0.40093092E+37 0.41322713E+37 0.80452674E+37 0.24562888E+36 0.24488711E+34 0.10081825E+34
 0.39639378E+37 0.40855811E+37 0.79550268E+37 0.24078892E+36 0.24152709E+34 0.99922808E+33
 0.39189010E+37 0.40392303E+37 0.78654288E+37 0.23603576E+36 0.23820028E+34 0.99030612E+33
 0.38742119E+37 0.39932363E+37 0.77764570E+37 0.23136811E+36 0.23490661E+34 0.98141732E+33
 0.38298584E+37 0.39475831E+37 0.76882316E+37 0.22678470E+36 0.23164601E+34 0.97256241E+33
 0.37858114E+37 0.39022309E+37 0.76005960E+37 0.22228426E+36 0.22841841E+34 0.96374210E+33
 0.37421551E+37 0.38572441E+37 0.75134773E+37 0.21786554E+36 0.22522374E+34 0.95495708E+33
 0.36987638E+37 0.38126043E+37 0.74271592E+37 0.21352729E+36 0.22206189E+34 0.94620802E+33
 0.36557500E+37 0.37683106E+37 0.73414626E+37 0.20926830E+36 0.21893280E+34 0.93749556E+33
 0.36130744E+37 0.37243616E+37 0.72564204E+37 0.20508733E+36 0.21583638E+34 0.92882034E+33
 0.35707386E+37 0.36807591E+37 0.71720368E+37 0.20098317E+36 0.21277252E+34 0.92018298E+33
 0.35287434E+37 0.36374733E+37 0.70883403E+37 0.19695464E+36 0.20974114E+34 0.91158406E+33
 0.34870852E+37 0.35945928E+37 0.70052442E+37 0.19300055E+36 0.20674212E+34 0.90302417E+33
 0.34457677E+37 0.35520295E+37 0.69228367E+37 0.18911972E+36 0.20377538E+34 0.89450386E+33
 0.34047897E+37 0.35098129E+37 0.68410891E+37 0.18531100E+36 0.20083727E+34 0.88602367E+33
 0.33641510E+37 0.34679430E+37 0.67600017E+37 0.18157323E+36 0.19793478E+34 0.87758412E+33
 0.33238514E+37 0.34264198E+37 0.66795747E+37 0.17790529E+36 0.19506421E+34 0.86918572E+33
 0.32838908E+37 0.33852432E+37 0.65998082E+37 0.17430605E+36 0.19222545E+34 0.86082895E+33
 0.32442687E+37 0.33444130E+37 0.65207019E+37 0.17077439E+36 0.18941837E+34 0.85251429E+33
 0.32049850E+37 0.33039290E+37 0.64422558E+37 0.16730922E+36 0.18664283E+34 0.84424218E+33
 0.31660391E+37 0.32637907E+37 0.63644695E+37 0.16390946E+36 0.18389872E+34 0.83601307E+33
 0.31274449E+37 0.32240169E+37 0.62873091E+37 0.16057402E+36 0.18118588E+34 0.82782737E+33
 0.30891589E+37 0.31845499E+37 0.62108738E+37 0.15730185E+36 0.17850419E+34 0.81968548E+33
 0.30512543E+37 0.31454466E+37 0.61350326E+37 0.15409190E+36 0.17585349E+34 0.81158780E+33
 0.30136238E+37 0.31066872E+37 0.60599101E+37 0.15094313E+36 0.17323364E+34 0.80353470E+33
 0.29763591E+37 0.30682711E+37 0.59854131E+37 0.14785452E+36 0.17064448E+34 0.79552653E+33
 0.29394286E+37 0.30301977E+37 0.59115712E+37 0.14482506E+36 0.16808586E+34 0.78756363E+33
 0.29028316E+37 0.29924663E+37 0.58383835E+37 0.14185374E+36 0.16555763E+34 0.77964632E+33
 0.28665673E+37 0.29550760E+37 0.57658485E+37 0.13893959E+36 0.16305961E+34 0.77177493E+33
 0.28306348E+37 0.29180261E+37 0.56939651E+37 0.13608162E+36 0.16059165E+34 0.76394974E+33
 0.27950331E+37 0.28813157E+37 0.56227317E+37 0.13327888E+36 0.15815356E+34 0.75617103E+33
 0.27597614E+37 0.28449440E+37 0.55521470E+37 0.13053042E+36 0.15574519E+34 0.74843908E+33
 0.27248188E+37 0.28089099E+37 0.54822092E+37 0.12783530E+36 0.15336634E+34 0.74075413E+33
 0.26902040E+37 0.27732125E+37 0.54129167E+37 0.12519260E+36 0.15101685E+34 0.73311643E+33
 0.26559162E+37 0.27378508E+37 0.53442678E+37 0.12260140E+36 0.14869653E+34 0.72552620E+33
 0.26219541E+37 0.27028237E+37 0.52762606E+37 0.12006081E+36 0.14640519E+34 0.71798365E+33
 0.25883167E+37 0.26681300E+37 0.52088932E+37 0.11756994E+36 0.14414264E+34 0.71048899E+33
 0.25550029E+37 0.26337688E+37 0.51421636E+37 0.11512791E+36 0.14190870E+34 0.70304240E+33
 0.25220113E+37 0.25997387E+37 0.50760698E+37 0.11273387E+36 0.13970316E+34 0.69564406E+33
 0.24893409E+37 0.25660386E+37 0.50106095E+37 0.11038695E+36 0.13752583E+34 0.68829412E+33
 0.24569902E+37 0.25326672E+37 0.49457806E+37 0.10808633E+36 0.13537651E+34 0.68099274E+33
 0.24249581E+37 0.24996233E+37 0.48815808E+37 0.10583118E+36 0.13325499E+34 0.67374006E+33
 0.23932431E+37 0.24669055E+37 0.48180078E+37 0.10362067E+36 0.13116107E+34 0.66653620E+33
 0.23618441E+37 0.24345125E+37 0.47550591E+37 0.10145401E+36 0.12909454E+34 0.65938128E+33
 0.23307595E+37 0.24024429E+37 0.46927324E+37 0.99330409E+35 0.12705520E+34 0.65227540E+33
 0.22999879E+37 0.23706953E+37 0.46310249E+37 0.97249084E+35 0.12504282E+34 0.64521865E+33
 0.22695280E+37 0.23392684E+37 0.45699343E+37 0.95209268E+35 0.12305719E+34 0.63821112E+33
 0.22393783E+37 0.23081606E+37 0.45094578E+37 0.93210270E+35 0.12109810E+34 0.63125289E+33
 0.22095372E+37 0.22773704E+37 0.44495926E+37 0.91251212E+35 0.11916532E+34 0.62434400E+33
 0.21800033E+37 0.22468963E+37 0.43903362E+37 0.89331427E+35 0.11725864E+34 0.61748452E+33
 0.21507750E+37 0.22167369E+37 0.43316855E+37 0.87450192E+35 0.11537783E+34 0.61067448E+33
 0.21218508E+37 0.21868905E+37 0.42736378E+37 0.85606796E+35 0.11352268E+34 0.60391392E+33
 0.20932291E+37 0.21573555E+37 0.42161902E+37 0.83800539E+35 0.11169294E+34 0.59720286E+33
 0.20649083E+37 0.21281303E+37 0.41593395E+37 0.82030730E+35 0.10988840E+34 0.59054131E+33
 0.20368867E+37 0.20992134E+37 0.41030830E+37 0.80296692E+35 0.10810883E+34 0.58392929E+33
 0.20091628E+37 0.20706030E+37 0.40474175E+37 0.78597755E+35 0.10635400E+34 0.57736678E+33
 0.19817348E+37 0.20422975E+37 0.39923399E+37 0.76933263E+35 0.10462368E+34 0.57085377E+33
 0.19546011E+37 0.20142952E+37 0.39378470E+37 0.75302568E+35 0.10291762E+34 0.56439024E+33
 0.19277599E+37 0.19865943E+37 0.38839357E+37 0.73705034E+35 0.10123561E+34 0.55797617E+33
 0.19012096E+37 0.19591931E+37 0.38306026E+37 0.72140034E+35 0.99577412E+33 0.55161152E+33
 0.18749483E+37 0.19320898E+37 0.37778445E+37 0.70606954E+35 0.97942782E+33 0.54529624E+33
 0.18489746E+37 0.19052828E+37 0.37256584E+37 0.69105185E+35 0.96331490E+33 0.53903028E+33
 0.18232862E+37 0.18787701E+37 0.36740404E+37 0.67634134E+35 0.94743299E+33 0.53281359E+33
 0.17978817E+37 0.18525499E+37 0.36229874E+37 0.66193212E+35 0.93177973E+33 0.52664609E+33
 0.17727591E+37 0.18266205E+37 0.35724959E+37 0.64781845E+35 0.91635275E+33 0.52052771E+33
 0.17479167E+37 0.18009800E+37 0.35225625E+37 0.63399464E+35 0.90114968E+33 0.51445838E+33
 0.17233526E+37 0.17756265E+37 0.34731836E+37 0.62045514E+35 0.88616814E+33 0.50843801E+33
 0.16990649E+37 0.17505581E+37 0.34243558E+37 0.60719445E+35 0.87140576E+33 0.50246650E+33
 0.16750519E+37 0.17257730E+37 0.33760755E+37 0.59420719E+35 0.85686016E+33 0.49654376E+33
 0.16513116E+37 0.17012692E+37 0.33283391E+37 0.58148808E+35 0.84252897E+33 0.49066969E+33
 0.16278421E+37 0.16770449E+37 0.32811430E+37 0.56903190E+35 0.82840981E+33 0.48484416E+33
 0.16046416E+37 0.16530981E+37 0.32344835E+37 0.55683354E+35 0.81450031E+33 0.47906707E+33
 0.15817081E+37 0.16294268E+37 0.31883570E+37 0.54488798E+35 0.80079810E+33 0.47333829E+33
 0.15590398E+37 0.16060292E+37 0.31427598E+37 0.53319027E+35 0.78730082E+33 0.46765771E+33
 0.15366347E+37 0.15829032E+37 0.30976882E+37 0.52173557E+35 0.77400609E+33 0.46202518E+33
 0.15144908E+37 0.15600469E+37 0.30531385E+37 0.51051911E+35 0.76091157E+33 0.45644056E+33
 0.14926039E+37 0.15374560E+37 0.30091021E+37 0.49953620E+35 0.74801491E+33 0.45090373E+33
 0.14709768E+37 0.15151331E+37 0.29655848E+37 0.48878224E+35 0.73531376E+33 0.44541452E+33
 0.14496051E+37 0.14930740E+37 0.29225781E+37 0.47825272E+35 0.72280578E+33 0.43997280E+33
 0.14284869E+37 0.14712765E+37 0.28800781E+37 0.46794319E+35 0.71048864E+33 0.43457840E+33
 0.14076201E+37 0.14497388E+37 0.28380810E+37 0.45784929E+35 0.69836003E+33 0.42923118E+33
 0.13870028E+37 0.14284587E+37 0.27965829E+37 0.44796675E+35 0.68641763E+33 0.42393095E+33
 0.13666331E+37 0.14074343E+37 0.27555800E+37 0.43829136E+35 0.67465915E+33 0.41867756E+33
 0.13465089E+37 0.13866635E+37 0.27150685E+37 0.42881899E+35 0.66308229E+33 0.41347084E+33
 0.13266283E+37 0.13661443E+37 0.26750445E+37 0.41954558E+35 0.65168476E+33 0.40831061E+33
 0.13069892E+37 0.13458746E+37 0.26355040E+37 0.41046716E+35 0.64046431E+33 0.40319670E+33
 0.12875897E+37 0.13258524E+37 0.25964432E+37 0.40157982E+35 0.62941868E+33 0.39812892E+33
 0.12684278E+37 0.13060756E+37 0.25578582E+37 0.39287972E+35 0.61854562E+33 0.39310709E+33
 0.12495015E+37 0.12865423E+37 0.25197451E+37 0.38436311E+35 0.60784291E+33 0.38813102E+33
 0.12308087E+37 0.12672503E+37 0.24820999E+37 0.37602627E+35 0.59730832E+33 0.38320052E+33
 0.12123475E+37 0.12481976E+37 0.24449188E+37 0.36786559E+35 0.58693966E+33 0.37831541E+33
 0.11941158E+37 0.12293821E+37 0.24081977E+37 0.35987750E+35 0.57673473E+33 0.37347548E+33
 0.11761117E+37 0.12108019E+37 0.23719328E+37 0.35205851E+35 0.56669137E+33 0.36868055E+33
 0.11583332E+37 0.11924547E+37 0.23361202E+37 0.34440520E+35 0.55680741E+33 0.36393039E+33
 0.11407783E+37 0.11743387E+37 0.23007559E+37 0.33691419E+35 0.54708071E+33 0.35922483E+33
 0.11234449E+37 0.11564516E+37 0.22658360E+37 0.32958219E+35 0.53750915E+33 0.35456365E+33
 0.11063311E+37 0.11387916E+37 0.22313565E+37 0.32240596E+35 0.52809062E+33 0.34994664E+33
 0.10894348E+37 0.11213564E+37 0.21973136E+37 0.31538231E+35 0.51882302E+33 0.34537359E+33
 0.10727542E+37 0.11041441E+37 0.21637033E+37 0.30850814E+35 0.50970429E+33 0.34084431E+33
 0.10562871E+37 0.10871527E+37 0.21305217E+37 0.30178039E+35 0.50073235E+33 0.33635856E+33
 0.10400316E+37 0.10703800E+37 0.20977647E+37 0.29519604E+35 0.49190517E+33 0.33191615E+33
 0.10239858E+37 0.10538241E+37 0.20654287E+37 0.28875217E+35 0.48322074E+33 0.32751685E+33
 0.10081477E+37 0.10374829E+37 0.20335097E+37 0.28244588E+35 0.47467703E+33 0.32316046E+33
 0.99251522E+36 0.10213544E+37 0.20020037E+37 0.27627435E+35 0.46627207E+33 0.31884674E+33
 0.97708648E+36 0.10054365E+37 0.19709070E+37 0.27023479E+35 0.45800389E+33 0.31457549E+33
 0.96185951E+36 0.98972729E+36 0.19402155E+37 0.26432449E+35 0.44987054E+33 0.31034648E+33
 0.94683234E+36 0.97422469E+36 0.19099254E+37 0.25854078E+35 0.44187009E+33 0.30615949E+33
 0.93200302E+36 0.95892670E+36 0.18800329E+37 0.25288102E+35 0.43400063E+33 0.30201430E+33
 0.91736962E+36 0.94383131E+36 0.18505342E+37 0.24734267E+35 0.42626027E+33 0.29791069E+33
 0.90293021E+36 0.92893654E+36 0.18214253E+37 0.24192320E+35 0.41864713E+33 0.29384843E+33
 0.88868287E+36 0.91424042E+36 0.17927025E+37 0.23662014E+35 0.41115937E+33 0.28982730E+33
 0.87462564E+36 0.89974091E+36 0.17643619E+37 0.23143107E+35 0.40379514E+33 0.28584705E+33
 0.86075662E+36 0.88543607E+36 0.17363997E+37 0.22635362E+35 0.39655265E+33 0.28190750E+33
 0.84707392E+36 0.87132392E+36 0.17088123E+37 0.22138546E+35 0.38943009E+33 0.27800840E+33
 0.83357564E+36 0.85740251E+36 0.16815957E+37 0.21652432E+35 0.38242570E+33 0.27414952E+33
 0.82025989E+36 0.84366988E+36 0.16547462E+37 0.21176796E+35 0.37553771E+33 0.27033065E+33
 0.80712479E+36 0.83012411E+36 0.16282601E+37 0.20711419E+35 0.36876440E+33 0.26655154E+33
 0.79416847E+36 0.81676324E+36 0.16021337E+37 0.20256085E+35 0.36210405E+33 0.26281197E+33
 0.78138907E+36 0.80358536E+36 0.15763633E+37 0.19810585E+35 0.35555496E+33 0.25911172E+33
 0.76878474E+36 0.79058855E+36 0.15509452E+37 0.19374713E+35 0.34911547E+33 0.25545055E+33
 0.75635363E+36 0.77777091E+36 0.15258757E+37 0.18948265E+35 0.34278392E+33 0.25182824E+33
 0.74409391E+36 0.76513054E+36 0.15011511E+37 0.18531045E+35 0.33655867E+33 0.24824455E+33
 0.73200376E+36 0.75266556E+36 0.14767678E+37 0.18122857E+35 0.33043812E+33 0.24469927E+33
 0.72008137E+36 0.74037408E+36 0.14527223E+37 0.17723512E+35 0.32442067E+33 0.24119215E+33
 0.70832493E+36 0.72825425E+36 0.14290108E+37 0.17332823E+35 0.31850474E+33 0.23772297E+33
 0.69673266E+36 0.71630421E+36 0.14056299E+37 0.16950607E+35 0.31268878E+33 0.23429151E+33
 0.68530278E+36 0.70452212E+36 0.13825760E+37 0.16576686E+35 0.30697126E+33 0.23089752E+33
 0.67403350E+36 0.69290614E+36 0.13598455E+37 0.16210884E+35 0.30135066E+33 0.22754079E+33
 0.66292308E+36 0.68145445E+36 0.13374349E+37 0.15853028E+35 0.29582549E+33 0.22422108E+33
 0.65196977E+36 0.67016524E+36 0.13153408E+37 0.15502952E+35 0.29039426E+33 0.22093817E+33
 0.64117183E+36 0.65903671E+36 0.12935596E+37 0.15160489E+35 0.28505553E+33 0.21769181E+33
 0.63052753E+36 0.64806707E+36 0.12720880E+37 0.14825478E+35 0.27980786E+33 0.21448180E+33
 0.62003515E+36 0.63725455E+36 0.12509224E+37 0.14497761E+35 0.27464983E+33 0.21130789E+33
 0.60969301E+36 0.62659738E+36 0.12300594E+37 0.14177183E+35 0.26958003E+33 0.20816986E+33
 0.59949940E+36 0.61609381E+36 0.12094958E+37 0.13863592E+35 0.26459710E+33 0.20506748E+33
 0.58945264E+36 0.60574209E+36 0.11892281E+37 0.13556839E+35 0.25969967E+33 0.20200052E+33
 0.57955107E+36 0.59554050E+36 0.11692529E+37 0.13256778E+35 0.25488639E+33 0.19896875E+33
 0.56979303E+36 0.58548731E+36 0.11495670E+37 0.12963266E+35 0.25015595E+33 0.19597194E+33
 0.56017688E+36 0.57558083E+36 0.11301671E+37 0.12676165E+35 0.24550704E+33 0.19300987E+33
 0.55070098E+36 0.56581936E+36 0.11110499E+37 0.12395336E+35 0.24093836E+33 0.19008230E+33
 0.54136371E+36 0.55620121E+36 0.10922121E+37 0.12120645E+35 0.23644865E+33 0.18718900E+33
 0.53216346E+36 0.54672473E+36 0.10736505E+37 0.11851962E+35 0.23203666E+33 0.18432975E+33
 0.52309864E+36 0.53738824E+36 0.10553619E+37 0.11589157E+35 0.22770116E+33 0.18150432E+33
 0.51416766E+36 0.52819011E+36 0.10373431E+37 0.11332105E+35 0.22344092E+33 0.17871247E+33
 0.50536895E+36 0.51912871E+36 0.10195910E+37 0.11080682E+35 0.21925475E+33 0.17595399E+33
 0.49670094E+36 0.51020241E+36 0.10021025E+37 0.10834767E+35 0.21514147E+33 0.17322863E+33
 0.48816209E+36 0.50140960E+36 0.98487436E+36 0.10594243E+35 0.21109991E+33 0.17053618E+33
 0.47975086E+36 0.49274870E+36 0.96790357E+36 0.10358992E+35 0.20712893E+33 0.16787639E+33
 0.47146573E+36 0.48421812E+36 0.95118706E+36 0.10128902E+35 0.20322738E+33 0.16524905E+33
 0.46330518E+36 0.47581628E+36 0.93472179E+36 0.99038620E+34 0.19939417E+33 0.16265392E+33
 0.45526772E+36 0.46754164E+36 0.91850474E+36 0.96837625E+34 0.19562818E+33 0.16009078E+33
 0.44735185E+36 0.45939264E+36 0.90253291E+36 0.94684975E+34 0.19192834E+33 0.15755938E+33
 0.43955609E+36 0.45136775E+36 0.88680335E+36 0.92579625E+34 0.18829357E+33 0.15505950E+33
 0.43187899E+36 0.44346546E+36 0.87131311E+36 0.90520554E+34 0.18472283E+33 0.15259093E+33
 0.42431908E+36 0.43568425E+36 0.85605926E+36 0.88506765E+34 0.18121509E+33 0.15015341E+33
 0.41687494E+36 0.42802263E+36 0.84103890E+36 0.86537277E+34 0.17776932E+33 0.14774673E+33
 0.40954513E+36 0.42047912E+36 0.82624918E+36 0.84611134E+34 0.17438452E+33 0.14537065E+33
 0.40232823E+36 0.41305223E+36 0.81168722E+36 0.82727396E+34 0.17105970E+33 0.14302493E+33
 0.39522284E+36 0.40574053E+36 0.79735021E+36 0.80885147E+34 0.16779388E+33 0.14070936E+33
 0.38822756E+36 0.39854255E+36 0.78323535E+36 0.79083487E+34 0.16458610E+33 0.13842369E+33
 0.38134102E+36 0.39145687E+36 0.76933985E+36 0.77321537E+34 0.16143541E+33 0.13616770E+33
 0.37456185E+36 0.38448207E+36 0.75566096E+36 0.75598436E+34 0.15834088E+33 0.13394115E+33
 0.36788869E+36 0.37761673E+36 0.74219594E+36 0.73913340E+34 0.15530160E+33 0.13174381E+33
 0.36132018E+36 0.37085946E+36 0.72894209E+36 0.72265424E+34 0.15231666E+33 0.12957544E+33
 0.35485501E+36 0.36420887E+36 0.71589672E+36 0.70653881E+34 0.14938517E+33 0.12743582E+33
 0.34849185E+36 0.35766359E+36 0.70305717E+36 0.69077921E+34 0.14650625E+33 0.12532472E+33
 0.34222938E+36 0.35122226E+36 0.69042079E+36 0.67536768E+34 0.14367903E+33 0.12324188E+33
 0.33606631E+36 0.34488354E+36 0.67798497E+36 0.66029666E+34 0.14090267E+33 0.12118709E+33
 0.33000134E+36 0.33864608E+36 0.66574712E+36 0.64555874E+34 0.13817633E+33 0.11916011E+33
 0.32403322E+36 0.33250856E+36 0.65370467E+36 0.63114666E+34 0.13549918E+33 0.11716071E+33
 0.31816066E+36 0.32646967E+36 0.64185506E+36 0.61705332E+34 0.13287041E+33 0.11518864E+33
 0.31238242E+36 0.32052811E+36 0.63019577E+36 0.60327177E+34 0.13028921E+33 0.11324368E+33
 0.30669726E+36 0.31468259E+36 0.61872431E+36 0.58979521E+34 0.12775480E+33 0.11132558E+33
 0.30110394E+36 0.30893184E+36 0.60743818E+36 0.57661698E+34 0.12526641E+33 0.10943412E+33
 0.29560125E+36 0.30327458E+36 0.59633494E+36 0.56373057E+34 0.12282326E+33 0.10756905E+33
 0.29018797E+36 0.29770957E+36 0.58541215E+36 0.55112961E+34 0.12042461E+33 0.10573014E+33
 0.28486293E+36 0.29223557E+36 0.57466740E+36 0.53880785E+34 0.11806970E+33 0.10391716E+33
 0.27962492E+36 0.28685134E+36 0.56409829E+36 0.52675918E+34 0.11575782E+33 0.10212986E+33
 0.27447277E+36 0.28155567E+36 0.55370247E+36 0.51497765E+34 0.11348824E+33 0.10036802E+33
 0.26940532E+36 0.27634735E+36 0.54347757E+36 0.50345739E+34 0.11126025E+33 0.98631385E+32
 0.26442143E+36 0.27122518E+36 0.53342129E+36 0.49219269E+34 0.10907316E+33 0.96919728E+32
 0.25951994E+36 0.26618799E+36 0.52353133E+36 0.48117795E+34 0.10692628E+33 0.95232810E+32
 0.25469973E+36 0.26123461E+36 0.51380539E+36 0.47040769E+34 0.10481893E+33 0.93570393E+32
 0.24995968E+36 0.25636386E+36 0.50424123E+36 0.45987656E+34 0.10275044E+33 0.91932240E+32
 0.24529868E+36 0.25157461E+36 0.49483661E+36 0.44957930E+34 0.10072017E+33 0.90318113E+32
 0.24071564E+36 0.24686571E+36 0.48558931E+36 0.43951078E+34 0.98727458E+32 0.88727775E+32
 0.23620947E+36 0.24223604E+36 0.47649715E+36 0.42966600E+34 0.96771676E+32 0.87160988E+32
 0.23177908E+36 0.23768448E+36 0.46755795E+36 0.42004002E+34 0.94852195E+32 0.85617514E+32
 0.22742343E+36 0.23320994E+36 0.45876957E+36 0.41062804E+34 0.92968399E+32 0.84097117E+32
 0.22314145E+36 0.22881131E+36 0.45012987E+36 0.40142537E+34 0.91119681E+32 0.82599558E+32
 0.21893210E+36 0.22448752E+36 0.44163676E+36 0.39242739E+34 0.89305443E+32 0.81124602E+32
 0.21479435E+36 0.22023749E+36 0.43328814E+36 0.38362962E+34 0.87525096E+32 0.79672010E+32
 0.21072717E+36 0.21606017E+36 0.42508196E+36 0.37502763E+34 0.85778061E+32 0.78241547E+32
 0.20672955E+36 0.21195451E+36 0.41701616E+36 0.36661712E+34 0.84063767E+32 0.76832975E+32
 0.20280049E+36 0.20791947E+36 0.40908873E+36 0.35839388E+34 0.82381651E+32 0.75446058E+32
 0.19893900E+36 0.20395402E+36 0.40129767E+36 0.35035378E+34 0.80731162E+32 0.74080561E+32
 0.19514409E+36 0.20005715E+36 0.39364100E+36 0.34249278E+34 0.79111753E+32 0.72736248E+32
 0.19141481E+36 0.19622785E+36 0.38611676E+36 0.33480694E+34 0.77522889E+32 0.71412884E+32
 0.18775018E+36 0.19246512E+36 0.37872300E+36 0.32729239E+34 0.75964042E+32 0.70110234E+32
 0.18414926E+36 0.18876800E+36 0.37145782E+36 0.31994536E+34 0.74434692E+32 0.68828064E+32
 0.18061110E+36 0.18513549E+36 0.36431931E+36 0.31276214E+34 0.72934326E+32 0.67566140E+32
 0.17713478E+36 0.18156664E+36 0.35730559E+36 0.30573913E+34 0.71462443E+32 0.66324230E+32
 0.17371937E+36 0.17806050E+36 0.35041481E+36 0.29887278E+34 0.70018544E+32 0.65102100E+32
 0.17036397E+36 0.17461612E+36 0.34364514E+36 0.29215963E+34 0.68602143E+32 0.63899519E+32
 0.16706768E+36 0.17123258E+36 0.33699475E+36 0.28559630E+34 0.67212758E+32 0.62716256E+32
 0.16382960E+36 0.16790895E+36 0.33046185E+36 0.27917948E+34 0.65849917E+32 0.61552081E+32
 0.16064886E+36 0.16464433E+36 0.32404466E+36 0.27290592E+34 0.64513153E+32 0.60406763E+32
 0.15752458E+36 0.16143781E+36 0.31774143E+36 0.26677247E+34 0.63202008E+32 0.59280074E+32
 0.15445591E+36 0.15828850E+36 0.31155042E+36 0.26077601E+34 0.61916031E+32 0.58171786E+32
 0.15144200E+36 0.15519552E+36 0.30546990E+36 0.25491351E+34 0.60654778E+32 0.57081672E+32
 0.14848200E+36 0.15215801E+36 0.29949819E+36 0.24918202E+34 0.59417811E+32 0.56009505E+32
 0.14557508E+36 0.14917511E+36 0.29363361E+36 0.24357863E+34 0.58204701E+32 0.54955061E+32
 0.14272042E+36 0.14624596E+36 0.28787449E+36 0.23810050E+34 0.57015023E+32 0.53918114E+32
 0.13991721E+36 0.14336972E+36 0.28221919E+36 0.23274485E+34 0.55848361E+32 0.52898443E+32
 0.13716465E+36 0.14054558E+36 0.27666610E+36 0.22750897E+34 0.54704305E+32 0.51895825E+32
 0.13446193E+36 0.13777270E+36 0.27121362E+36 0.22239021E+34 0.53582450E+32 0.50910039E+32
 0.13180829E+36 0.13505028E+36 0.26586015E+36 0.21738597E+34 0.52482401E+32 0.49940865E+32
 0.12920294E+36 0.13237752E+36 0.26060415E+36 0.21249370E+34 0.51403764E+32 0.48988084E+32
 0.12664512E+36 0.12975362E+36 0.25544405E+36 0.20771092E+34 0.50346157E+32 0.48051480E+32
 0.12413407E+36 0.12717781E+36 0.25037833E+36 0.20303521E+34 0.49309200E+32 0.47130836E+32
 0.12166905E+36 0.12464932E+36 0.24540551E+36 0.19846418E+34 0.48292522E+32 0.46225937E+32
 0.11924931E+36 0.12216738E+36 0.24052407E+36 0.19399551E+34 0.47295754E+32 0.45336570E+32
 0.11687414E+36 0.11973125E+36 0.23573256E+36 0.18962692E+34 0.46318537E+32 0.44462522E+32
 0.11454281E+36 0.11734018E+36 0.23102951E+36 0.18535620E+34 0.45360516E+32 0.43603584E+32
 0.11225461E+36 0.11499343E+36 0.22641350E+36 0.18118116E+34 0.44421342E+32 0.42759545E+32
 0.11000884E+36 0.11269029E+36 0.22188310E+36 0.17709968E+34 0.43500671E+32 0.41930197E+32
 0.10780481E+36 0.11043004E+36 0.21743693E+36 0.17310968E+34 0.42598166E+32 0.41115335E+32
 0.10564183E+36 0.10821197E+36 0.21307359E+36 0.16920912E+34 0.41713494E+32 0.40314753E+32
 0.10351923E+36 0.10603539E+36 0.20879173E+36 0.16539601E+34 0.40846328E+32 0.39528248E+32
 0.10143633E+36 0.10389960E+36 0.20459000E+36 0.16166842E+34 0.39996347E+32 0.38755619E+32
 0.99392498E+35 0.10180395E+36 0.20046708E+36 0.15802442E+34 0.39163234E+32 0.37996664E+32
 0.97387067E+35 0.99747739E+35 0.19642165E+36 0.15446216E+34 0.38346679E+32 0.37251186E+32
 0.95419400E+35 0.97730326E+35 0.19245242E+36 0.15097983E+34 0.37546375E+32 0.36518987E+32
 0.93488866E+35 0.95751053E+35 0.18855811E+36 0.14757563E+34 0.36762022E+32 0.35799872E+32
 0.91594842E+35 0.93809278E+35 0.18473747E+36 0.14424784E+34 0.35993323E+32 0.35093648E+32
 0.89736711E+35 0.91904368E+35 0.18098926E+36 0.14099474E+34 0.35239987E+32 0.34400122E+32
 0.87913868E+35 0.90035697E+35 0.17731225E+36 0.13781467E+34 0.34501729E+32 0.33719105E+32
 0.86125713E+35 0.88202648E+35 0.17370523E+36 0.13470601E+34 0.33778267E+32 0.33050406E+32
 0.84371657E+35 0.86404612E+35 0.17016700E+36 0.13166715E+34 0.33069323E+32 0.32393841E+32
 0.82651116E+35 0.84640990E+35 0.16669640E+36 0.12869655E+34 0.32374627E+32 0.31749224E+32
 0.80963516E+35 0.82911190E+35 0.16329227E+36 0.12579267E+34 0.31693911E+32 0.31116371E+32
 0.79308292E+35 0.81214629E+35 0.15995345E+36 0.12295404E+34 0.31026911E+32 0.30495101E+32
 0.77684885E+35 0.79550732E+35 0.15667884E+36 0.12017919E+34 0.30373369E+32 0.29885235E+32
 0.76092744E+35 0.77918931E+35 0.15346730E+36 0.11746670E+34 0.29733031E+32 0.29286595E+32
 0.74531326E+35 0.76318668E+35 0.15031775E+36 0.11481518E+34 0.29105647E+32 0.28699003E+32
 0.73000097E+35 0.74749392E+35 0.14722911E+36 0.11222326E+34 0.28490972E+32 0.28122288E+32
 0.71498530E+35 0.73210560E+35 0.14420031E+36 0.10968962E+34 0.27888763E+32 0.27556275E+32
 0.70026103E+35 0.71701638E+35 0.14123031E+36 0.10721295E+34 0.27298785E+32 0.27000794E+32
 0.68582306E+35 0.70222097E+35 0.13831807E+36 0.10479198E+34 0.26720804E+32 0.26455678E+32
 0.67166634E+35 0.68771419E+35 0.13546257E+36 0.10242545E+34 0.26154590E+32 0.25920758E+32
 0.65778588E+35 0.67349091E+35 0.13266281E+36 0.10011217E+34 0.25599918E+32 0.25395870E+32
 0.64417680E+35 0.65954610E+35 0.12991779E+36 0.97850925E+33 0.25056567E+32 0.24880851E+32
 0.63083426E+35 0.64587478E+35 0.12722655E+36 0.95640563E+33 0.24524320E+32 0.24375540E+32
 0.61775350E+35 0.63247207E+35 0.12458813E+36 0.93479943E+33 0.24002963E+32 0.23879778E+32
 0.60492986E+35 0.61933314E+35 0.12200157E+36 0.91367952E+33 0.23492286E+32 0.23393406E+32
 0.59235869E+35 0.60645324E+35 0.11946595E+36 0.89303501E+33 0.22992083E+32 0.22916270E+32
 0.58003548E+35 0.59382772E+35 0.11698036E+36 0.87285526E+33 0.22502151E+32 0.22448215E+32
 0.56795573E+35 0.58145195E+35 0.11454388E+36 0.85312987E+33 0.22022290E+32 0.21989091E+32
 0.55611504E+35 0.56932141E+35 0.11215562E+36 0.83384866E+33 0.21552306E+32 0.21538746E+32
 0.54450908E+35 0.55743164E+35 0.10981472E+36 0.81500167E+33 0.21092007E+32 0.21097033E+32
 0.53313357E+35 0.54577825E+35 0.10752032E+36 0.79657919E+33 0.20641203E+32 0.20663806E+32
 0.52198431E+35 0.53435690E+35 0.10527155E+36 0.77857170E+33 0.20199709E+32 0.20238920E+32
 0.51105715E+35 0.52316335E+35 0.10306759E+36 0.76096990E+33 0.19767343E+32 0.19822233E+32
 0.50034801E+35 0.51219341E+35 0.10090761E+36 0.74376469E+33 0.19343927E+32 0.19413604E+32
 0.48985295E+35 0.50144300E+35 0.98790816E+35 0.72694720E+33 0.18929285E+32 0.19012894E+32
 0.47956791E+35 0.49090796E+35 0.96716390E+35 0.71050871E+33 0.18523244E+32 0.18619967E+32
 0.46948905E+35 0.48058436E+35 0.94683557E+35 0.69444074E+33 0.18125635E+32 0.18234687E+32
 0.45961256E+35 0.47046826E+35 0.92691547E+35 0.67873496E+33 0.17736292E+32 0.17856921E+32
 0.44993467E+35 0.46055581E+35 0.90739599E+35 0.66338327E+33 0.17355051E+32 0.17486538E+32
 0.44045168E+35 0.45084318E+35 0.88826968E+35 0.64837770E+33 0.16981753E+32 0.17123408E+32
 0.43115995E+35 0.44132666E+35 0.86952919E+35 0.63371050E+33 0.16616239E+32 0.16767403E+32
 0.42205590E+35 0.43200255E+35 0.85116728E+35 0.61937407E+33 0.16258356E+32 0.16418397E+32
 0.41313600E+35 0.42286725E+35 0.83317686E+35 0.60536099E+33 0.15907951E+32 0.16076265E+32
 0.40439680E+35 0.41391718E+35 0.81555093E+35 0.59166399E+33 0.15564877E+32 0.15740887E+32
 0.39583488E+35 0.40514884E+35 0.79828260E+35 0.57827597E+33 0.15228985E+32 0.15412140E+32
 0.38744688E+35 0.39655881E+35 0.78136512E+35 0.56519001E+33 0.14900134E+32 0.15089905E+32
 0.37922952E+35 0.38814368E+35 0.76479185E+35 0.55239931E+33 0.14578183E+32 0.14774066E+32
 0.37117956E+35 0.37990014E+35 0.74855623E+35 0.53989724E+33 0.14262992E+32 0.14464507E+32
 0.36329380E+35 0.37182491E+35 0.73265183E+35 0.52767731E+33 0.13954427E+32 0.14161113E+32
 0.35556912E+35 0.36391478E+35 0.71707235E+35 0.51573319E+33 0.13652354E+32 0.13863774E+32
 0.34800242E+35 0.35616657E+35 0.70181156E+35 0.50405867E+33 0.13356643E+32 0.13572378E+32
 0.34059070E+35 0.34857719E+35 0.68686335E+35 0.49264770E+33 0.13067165E+32 0.13286816E+32
 0.33333096E+35 0.34114357E+35 0.67222171E+35 0.48149435E+33 0.12783795E+32 0.13006983E+32
 0.32622029E+35 0.33386272E+35 0.65788076E+35 0.47059283E+33 0.12506409E+32 0.12732771E+32
 0.31925581E+35 0.32673169E+35 0.64383468E+35 0.45993748E+33 0.12234887E+32 0.12464078E+32
 0.31243469E+35 0.31974756E+35 0.63007777E+35 0.44952275E+33 0.11969108E+32 0.12200801E+32
 0.30575416E+35 0.31290751E+35 0.61660444E+35 0.43934324E+33 0.11708958E+32 0.11942839E+32
 0.29921148E+35 0.30620871E+35 0.60340917E+35 0.42939365E+33 0.11454320E+32 0.11690094E+32
 0.29280399E+35 0.29964843E+35 0.59048657E+35 0.41966881E+33 0.11205084E+32 0.11442468E+32
 0.28652903E+35 0.29322395E+35 0.57783130E+35 0.41016367E+33 0.10961139E+32 0.11199864E+32
 0.28038404E+35 0.28693263E+35 0.56543816E+35 0.40087327E+33 0.10722377E+32 0.10962190E+32
 0.27436645E+35 0.28077186E+35 0.55330202E+35 0.39179279E+33 0.10488692E+32 0.10729351E+32
 0.26847378E+35 0.27473907E+35 0.54141782E+35 0.38291750E+33 0.10259980E+32 0.10501257E+32
 0.26270357E+35 0.26883174E+35 0.52978064E+35 0.37424277E+33 0.10036140E+32 0.10277817E+32
 0.25705342E+35 0.26304741E+35 0.51838560E+35 0.36576411E+33 0.98170716E+31 0.10058944E+32
 0.25152095E+35 0.25738364E+35 0.50722793E+35 0.35747707E+33 0.96026765E+31 0.98445498E+31
 0.24610385E+35 0.25183806E+35 0.49630295E+35 0.34937737E+33 0.93928588E+31 0.96345495E+31
 0.24079982E+35 0.24640832E+35 0.48560604E+35 0.34146076E+33 0.91875242E+31 0.94288590E+31
 0.23560664E+35 0.24109212E+35 0.47513270E+35 0.33372313E+33 0.89865803E+31 0.92273955E+31
 0.23052209E+35 0.23588721E+35 0.46487847E+35 0.32616044E+33 0.87899365E+31 0.90300778E+31
 0.22554402E+35 0.23079136E+35 0.45483900E+35 0.31876876E+33 0.85975040E+31 0.88368260E+31
 0.22067031E+35 0.22580241E+35 0.44501001E+35 0.31154423E+33 0.84091956E+31 0.86475615E+31
 0.21589887E+35 0.22091822E+35 0.43538729E+35 0.30448307E+33 0.82249259E+31 0.84622072E+31
 0.21122766E+35 0.21613669E+35 0.42596673E+35 0.29758162E+33 0.80446112E+31 0.82806872E+31
 0.20665467E+35 0.21145576E+35 0.41674428E+35 0.29083626E+33 0.78681692E+31 0.81029268E+31
 0.20217793E+35 0.20687342E+35 0.40771595E+35 0.28424349E+33 0.76955196E+31 0.79288529E+31
 0.19779551E+35 0.20238768E+35 0.39887786E+35 0.27779985E+33 0.75265835E+31 0.77583933E+31
 0.19350551E+35 0.19799659E+35 0.39022616E+35 0.27150199E+33 0.73612834E+31 0.75914774E+31
 0.18930607E+35 0.19369824E+35 0.38175711E+35 0.26534661E+33 0.71995435E+31 0.74280355E+31
 0.18519536E+35 0.18949077E+35 0.37346702E+35 0.25933051E+33 0.70412896E+31 0.72679995E+31
 0.18117158E+35 0.18537233E+35 0.36535226E+35 0.25345053E+33 0.68864487E+31 0.71113021E+31
 0.17723298E+35 0.18134111E+35 0.35740929E+35 0.24770362E+33 0.67349495E+31 0.69578776E+31
 0.17337782E+35 0.17739536E+35 0.34963462E+35 0.24208677E+33 0.65867220E+31 0.68076612E+31
 0.16960442E+35 0.17353332E+35 0.34202484E+35 0.23659704E+33 0.64416976E+31 0.66605892E+31
 0.16591111E+35 0.16975329E+35 0.33457659E+35 0.23123156E+33 0.62998091E+31 0.65165993E+31
 0.16229626E+35 0.16605361E+35 0.32728657E+35 0.22598754E+33 0.61609905E+31 0.63756302E+31
 0.15875827E+35 0.16243263E+35 0.32015157E+35 0.22086222E+33 0.60251774E+31 0.62376216E+31
 0.15529557E+35 0.15888875E+35 0.31316842E+35 0.21585293E+33 0.58923065E+31 0.61025145E+31
 0.15190661E+35 0.15542038E+35 0.30633400E+35 0.21095705E+33 0.57623157E+31 0.59702507E+31
 0.14858990E+35 0.15202597E+35 0.29964527E+35 0.20617202E+33 0.56351444E+31 0.58407734E+31
 0.14534394E+35 0.14870402E+35 0.29309924E+35 0.20149533E+33 0.55107331E+31 0.57140265E+31
 0.14216728E+35 0.14545303E+35 0.28669299E+35 0.19692455E+33 0.53890233E+31 0.55899552E+31
 0.13905850E+35 0.14227153E+35 0.28042363E+35 0.19245727E+33 0.52699581E+31 0.54685055E+31
 0.13601620E+35 0.13915810E+35 0.27428835E+35 0.18809115E+33 0.51534813E+31 0.53496247E+31
 0.13303902E+35 0.13611133E+35 0.26828438E+35 0.18382393E+33 0.50395382E+31 0.52332607E+31
 0.13012559E+35 0.13312985E+35 0.26240902E+35 0.17965335E+33 0.49280750E+31 0.51193626E+31
 0.12727462E+35 0.13021230E+35 0.25665959E+35 0.17557724E+33 0.48190391E+31 0.50078803E+31
 0.12448480E+35 0.12735736E+35 0.25103350E+35 0.17159346E+33 0.47123789E+31 0.48987650E+31
 0.12175486E+35 0.12456373E+35 0.24552819E+35 0.16769993E+33 0.46080440E+31 0.47919682E+31
 0.11908357E+35 0.12183014E+35 0.24014115E+35 0.16389460E+33 0.45059847E+31 0.46874430E+31
 0.11646955E+35 0.11915518E+35 0.23486961E+35 0.16017549E+33 0.44061527E+31 0.45851428E+31
 0.11391192E+35 0.11653795E+35 0.22971180E+35 0.15654063E+33 0.43085005E+31 0.44850223E+31
 0.11140936E+35 0.11397709E+35 0.22466504E+35 0.15298814E+33 0.42129816E+31 0.43870368E+31
 0.10896071E+35 0.11147142E+35 0.21972700E+35 0.14951615E+33 0.41195504E+31 0.42911426E+31
 0.10656485E+35 0.10901978E+35 0.21489543E+35 0.14612283E+33 0.40281624E+31 0.41972967E+31
 0.10422067E+35 0.10662106E+35 0.21016810E+35 0.14280641E+33 0.39387737E+31 0.41054570E+31
 0.10192710E+35 0.10427414E+35 0.20554282E+35 0.13956515E+33 0.38513417E+31 0.40155823E+31
 0.99683071E+34 0.10197793E+35 0.20101746E+35 0.13639736E+33 0.37658245E+31 0.39276321E+31
 0.97487551E+34 0.99731381E+34 0.19658992E+35 0.13330136E+33 0.36821809E+31 0.38415666E+31
 0.95339520E+34 0.97533438E+34 0.19225816E+35 0.13027553E+33 0.36003708E+31 0.37573469E+31
 0.93237980E+34 0.95383084E+34 0.18802016E+35 0.12731830E+33 0.35203549E+31 0.36749348E+31
 0.91181954E+34 0.93279317E+34 0.18387394E+35 0.12442810E+33 0.34420946E+31 0.35942929E+31
 0.89170483E+34 0.91221155E+34 0.17981758E+35 0.12160341E+33 0.33655521E+31 0.35153844E+31
 0.87202630E+34 0.89207639E+34 0.17584919E+35 0.11884277E+33 0.32906905E+31 0.34381733E+31
 0.85277474E+34 0.87237825E+34 0.17196690E+35 0.11614472E+33 0.32174736E+31 0.33626243E+31
 0.83394113E+34 0.85310790E+34 0.16816890E+35 0.11350784E+33 0.31458660E+31 0.32887028E+31
 0.81551665E+34 0.83425630E+34 0.16445341E+35 0.11093074E+33 0.30758330E+31 0.32163749E+31
 0.79749264E+34 0.81581458E+34 0.16081868E+35 0.10841209E+33 0.30073406E+31 0.31456073E+31
 0.77986062E+34 0.79777407E+34 0.15726300E+35 0.10595054E+33 0.29403555E+31 0.30763675E+31
 0.76261229E+34 0.78012625E+34 0.15378470E+35 0.10354482E+33 0.28748453E+31 0.30086233E+31
 0.74573951E+34 0.76286280E+34 0.15038214E+35 0.10119365E+33 0.28107779E+31 0.29423436E+31
 0.72923430E+34 0.74597554E+34 0.14705370E+35 0.98895803E+32 0.27481223E+31 0.28774976E+31
 0.71308885E+34 0.72945649E+34 0.14379782E+35 0.96650072E+32 0.26868478E+31 0.28140553E+31
 0.69729552E+34 0.71329780E+34 0.14061295E+35 0.94455277E+32 0.26269246E+31 0.27519870E+31
 0.68184681E+34 0.69749180E+34 0.13749758E+35 0.92310263E+32 0.25683233E+31 0.26912640E+31
 0.66673537E+34 0.68203097E+34 0.13445022E+35 0.90213904E+32 0.25110153E+31 0.26318579E+31
 0.65195401E+34 0.66690796E+34 0.13146943E+35 0.88165098E+32 0.24549725E+31 0.25737409E+31
 0.63749569E+34 0.65211554E+34 0.12855378E+35 0.86162768E+32 0.24001675E+31 0.25168858E+31
 0.62335351E+34 0.63764665E+34 0.12570189E+35 0.84205862E+32 0.23465733E+31 0.24612660E+31
 0.60952072E+34 0.62349438E+34 0.12291239E+35 0.82293351E+32 0.22941637E+31 0.24068553E+31
 0.59599069E+34 0.60965195E+34 0.12018395E+35 0.80424230E+32 0.22429129E+31 0.23536282E+31
 0.58275694E+34 0.59611271E+34 0.11751526E+35 0.78597515E+32 0.21927956E+31 0.23015596E+31
 0.56981312E+34 0.58287018E+34 0.11490504E+35 0.76812247E+32 0.21437873E+31 0.22506248E+31
 0.55715302E+34 0.56991798E+34 0.11235203E+35 0.75067487E+32 0.20958636E+31 0.22008000E+31
 0.54477054E+34 0.55724989E+34 0.10985501E+35 0.73362316E+32 0.20490011E+31 0.21520614E+31
 0.53265973E+34 0.54485980E+34 0.10741278E+35 0.71695838E+32 0.20031765E+31 0.21043859E+31
 0.52081475E+34 0.53274172E+34 0.10502415E+35 0.70067176E+32 0.19583672E+31 0.20577511E+31
 0.50922987E+34 0.52088982E+34 0.10268798E+35 0.68475474E+32 0.19145510E+31 0.20121345E+31
 0.49789951E+34 0.50929836E+34 0.10040313E+35 0.66919894E+32 0.18717062E+31 0.19675147E+31
 0.48681817E+34 0.49796172E+34 0.98168500E+34 0.65399617E+32 0.18298117E+31 0.19238702E+31
 0.47598050E+34 0.48687442E+34 0.95983010E+34 0.63913844E+32 0.17888466E+31 0.18811803E+31
 0.46538123E+34 0.47603106E+34 0.93845598E+34 0.62461792E+32 0.17487905E+31 0.18394245E+31
 0.45501523E+34 0.46542639E+34 0.91755225E+34 0.61042698E+32 0.17096237E+31 0.17985829E+31
 0.44487744E+34 0.45505525E+34 0.89710876E+34 0.59655814E+32 0.16713266E+31 0.17586359E+31
 0.43496295E+34 0.44491259E+34 0.87711556E+34 0.58300410E+32 0.16338801E+31 0.17195644E+31
 0.42526691E+34 0.43499347E+34 0.85756292E+34 0.56975774E+32 0.15972657E+31 0.16813494E+31
 0.41578461E+34 0.42529304E+34 0.83844129E+34 0.55681206E+32 0.15614651E+31 0.16439728E+31
 0.40651141E+34 0.41580657E+34 0.81974134E+34 0.54416026E+32 0.15264603E+31 0.16074164E+31
 0.39744279E+34 0.40652942E+34 0.80145394E+34 0.53179568E+32 0.14922341E+31 0.15716626E+31
 0.38857375E+34 0.39745649E+34 0.78356901E+34 0.51971180E+32 0.14587691E+31 0.15366942E+31
 0.37990107E+34 0.38858447E+34 0.76608008E+34 0.50790226E+32 0.14260488E+31 0.15024942E+31
 0.37141994E+34 0.37990844E+34 0.74897742E+34 0.49636084E+32 0.13940568E+31 0.14690461E+31
 0.36312619E+34 0.37142413E+34 0.73225264E+34 0.48508146E+32 0.13627770E+31 0.14363338E+31
 0.35501576E+34 0.36312739E+34 0.71589753E+34 0.47405818E+32 0.13321938E+31 0.14043412E+31
 0.34708465E+34 0.35501412E+34 0.69990404E+34 0.46328519E+32 0.13022918E+31 0.13730529E+31
 0.33932897E+34 0.34708035E+34 0.68426432E+34 0.45275681E+32 0.12730561E+31 0.13424537E+31
 0.33174489E+34 0.33932214E+34 0.66897065E+34 0.44246750E+32 0.12444719E+31 0.13125287E+31
 0.32432867E+34 0.33173569E+34 0.65401549E+34 0.43241184E+32 0.12165250E+31 0.12832632E+31
 0.31707666E+34 0.32431724E+34 0.63939148E+34 0.42258452E+32 0.11892012E+31 0.12546431E+31
 0.30998528E+34 0.31706314E+34 0.62509138E+34 0.41298037E+32 0.11624869E+31 0.12266543E+31
 0.30305102E+34 0.30996978E+34 0.61110812E+34 0.40359433E+32 0.11363685E+31 0.11992831E+31
 0.29627045E+34 0.30303368E+34 0.59743480E+34 0.39442144E+32 0.11108330E+31 0.11725161E+31
 0.28964021E+34 0.29625137E+34 0.58406464E+34 0.38545687E+32 0.10858674E+31 0.11463404E+31
 0.28315702E+34 0.28961952E+34 0.57099101E+34 0.37669591E+32 0.10614592E+31 0.11207429E+31
 0.27681766E+34 0.28313482E+34 0.55820743E+34 0.36813392E+32 0.10375961E+31 0.10957111E+31
 0.27061899E+34 0.27679405E+34 0.54570756E+34 0.35976640E+32 0.10142659E+31 0.10712327E+31
 0.26455792E+34 0.27059407E+34 0.53348518E+34 0.35158892E+32 0.99145702E+30 0.10472958E+31
 0.25863145E+34 0.26453178E+34 0.52153422E+34 0.34359719E+32 0.96915780E+30 0.10238885E+31
 0.25283662E+34 0.25860418E+34 0.50984873E+34 0.33578699E+32 0.94735699E+30 0.10009992E+31
 0.24717055E+34 0.25280831E+34 0.49842289E+34 0.32815419E+32 0.92604356E+30 0.97861674E+30
 0.24163042E+34 0.24714127E+34 0.48725101E+34 0.32069477E+32 0.90520672E+30 0.95672999E+30
 0.23621346E+34 0.24160025E+34 0.47632751E+34 0.31340480E+32 0.88483591E+30 0.93532816E+30
 0.23091696E+34 0.23618247E+34 0.46564695E+34 0.30628044E+32 0.86492081E+30 0.91440067E+30
 0.22573829E+34 0.23088523E+34 0.45520398E+34 0.29931791E+32 0.84545132E+30 0.89393715E+30
 0.22067485E+34 0.22570589E+34 0.44499340E+34 0.29251356E+32 0.82641756E+30 0.87392747E+30
 0.21572412E+34 0.22064183E+34 0.43501008E+34 0.28586379E+32 0.80780985E+30 0.85436170E+30
 0.21088360E+34 0.21569054E+34 0.42524903E+34 0.27936509E+32 0.78961876E+30 0.83523014E+30
 0.20615089E+34 0.21084953E+34 0.41570536E+34 0.27301404E+32 0.77183503E+30 0.81652327E+30
 0.20152360E+34 0.20611637E+34 0.40637429E+34 0.26680728E+32 0.75444962E+30 0.79823181E+30
 0.19699941E+34 0.20148869E+34 0.39725114E+34 0.26074154E+32 0.73745369E+30 0.78034665E+30
 0.19257606E+34 0.19696416E+34 0.38833132E+34 0.25481361E+32 0.72083857E+30 0.76285888E+30
 0.18825132E+34 0.19254051E+34 0.37961036E+34 0.24902038E+32 0.70459582E+30 0.74575980E+30
 0.18402301E+34 0.18821552E+34 0.37108387E+34 0.24335877E+32 0.68871715E+30 0.72904087E+30
 0.17988902E+34 0.18398701E+34 0.36274756E+34 0.23782581E+32 0.67319447E+30 0.71269375E+30
 0.17584726E+34 0.17985285E+34 0.35459724E+34 0.23241857E+32 0.65801986E+30 0.69671028E+30
 0.17189569E+34 0.17581095E+34 0.34662880E+34 0.22713420E+32 0.64318558E+30 0.68108247E+30
 0.16803232E+34 0.17185928E+34 0.33883823E+34 0.22196990E+32 0.62868406E+30 0.66580250E+30
 0.16425521E+34 0.16799586E+34 0.33122159E+34 0.21692296E+32 0.61450788E+30 0.65086272E+30
 0.16056244E+34 0.16421871E+34 0.32377505E+34 0.21199071E+32 0.60064981E+30 0.63625565E+30
 0.15695216E+34 0.16052595E+34 0.31649484E+34 0.20717054E+32 0.58710276E+30 0.62197397E+30
 0.15342254E+34 0.15691570E+34 0.30937728E+34 0.20245991E+32 0.57385980E+30 0.60801051E+30
 0.14997180E+34 0.15338613E+34 0.30241878E+34 0.19785634E+32 0.56091415E+30 0.59435826E+30
 0.14659819E+34 0.14993547E+34 0.29561582E+34 0.19335738E+32 0.54825919E+30 0.58101037E+30
 0.14330000E+34 0.14656196E+34 0.28896496E+34 0.18896067E+32 0.53588844E+30 0.56796013E+30
 0.14007556E+34 0.14326390E+34 0.28246282E+34 0.18466389E+32 0.52379556E+30 0.55520097E+30
 0.13692324E+34 0.14003961E+34 0.27610611E+34 0.18046475E+32 0.51197435E+30 0.54272647E+30
 0.13384145E+34 0.13688746E+34 0.26989162E+34 0.17636106E+32 0.50041875E+30 0.53053035E+30
 0.13082861E+34 0.13380585E+34 0.26381617E+34 0.17235063E+32 0.48912284E+30 0.51860646E+30
 0.12788320E+34 0.13079321E+34 0.25787671E+34 0.16843136E+32 0.47808081E+30 0.50694879E+30
 0.12500373E+34 0.12784802E+34 0.25207020E+34 0.16460116E+32 0.46728700E+30 0.49555145E+30
 0.12218872E+34 0.12496878E+34 0.24639370E+34 0.16085802E+32 0.45673586E+30 0.48440870E+30
 0.11943676E+34 0.12215402E+34 0.24084432E+34 0.15719997E+32 0.44642198E+30 0.47351491E+30
 0.11674643E+34 0.11940232E+34 0.23541924E+34 0.15362506E+32 0.43634005E+30 0.46286455E+30
 0.11411638E+34 0.11671227E+34 0.23011570E+34 0.15013141E+32 0.42648488E+30 0.45245226E+30
 0.11154526E+34 0.11408250E+34 0.22493100E+34 0.14671717E+32 0.41685142E+30 0.44227276E+30
 0.10903176E+34 0.11151167E+34 0.21986249E+34 0.14338055E+32 0.40743470E+30 0.43232089E+30
 0.10657461E+34 0.10899848E+34 0.21490760E+34 0.14011977E+32 0.39822988E+30 0.42259161E+30
 0.10417254E+34 0.10654164E+34 0.21006381E+34 0.13693311E+32 0.38923221E+30 0.41308000E+30
 0.10182434E+34 0.10413989E+34 0.20532863E+34 0.13381890E+32 0.38043707E+30 0.40378122E+30
 0.99528798E+33 0.10179202E+34 0.20069965E+34 0.13077548E+32 0.37183992E+30 0.39469055E+30
 0.97284754E+33 0.99496815E+33 0.19617451E+34 0.12780124E+32 0.36343632E+30 0.38580339E+30
 0.95091057E+33 0.97253113E+33 0.19175090E+34 0.12489462E+32 0.35522195E+30 0.37711521E+30
 0.92946587E+33 0.95059763E+33 0.18742655E+34 0.12205408E+32 0.34719257E+30 0.36862160E+30
 0.90850247E+33 0.92915644E+33 0.18319926E+34 0.11927811E+32 0.33934404E+30 0.36031823E+30
 0.88800964E+33 0.90819660E+33 0.17906686E+34 0.11656525E+32 0.33167230E+30 0.35220090E+30
 0.86797690E+33 0.88770737E+33 0.17502724E+34 0.11391407E+32 0.32417339E+30 0.34426545E+30
 0.84839400E+33 0.86767826E+33 0.17107833E+34 0.11132317E+32 0.31684345E+30 0.33650785E+30
 0.82925091E+33 0.84809902E+33 0.16721811E+34 0.10879117E+32 0.30967868E+30 0.32892414E+30
 0.81053781E+33 0.82895961E+33 0.16344460E+34 0.10631673E+32 0.30267538E+30 0.32151047E+30
 0.79224512E+33 0.81025022E+33 0.15975587E+34 0.10389855E+32 0.29582994E+30 0.31426304E+30
 0.77436346E+33 0.79196125E+33 0.15615002E+34 0.10153536E+32 0.28913880E+30 0.30717817E+30
 0.75688365E+33 0.77408332E+33 0.15262520E+34 0.99225894E+31 0.28259852E+30 0.30025222E+30
 0.73979672E+33 0.75660725E+33 0.14917962E+34 0.96968939E+31 0.27620570E+30 0.29348167E+30
 0.72309390E+33 0.73952406E+33 0.14581148E+34 0.94763301E+31 0.26995704E+30 0.28686305E+30
 0.70676662E+33 0.72282499E+33 0.14251908E+34 0.92607813E+31 0.26384931E+30 0.28039298E+30
 0.69080648E+33 0.70650145E+33 0.13930071E+34 0.90501337E+31 0.25787933E+30 0.27406815E+30
 0.67520528E+33 0.69054505E+33 0.13615472E+34 0.88442757E+31 0.25204402E+30 0.26788532E+30
 0.65995499E+33 0.67494758E+33 0.13307949E+34 0.86430986E+31 0.24634036E+30 0.26184133E+30
 0.64504778E+33 0.65970103E+33 0.13007345E+34 0.84464960E+31 0.24076538E+30 0.25593309E+30
 0.63047597E+33 0.64479753E+33 0.12713504E+34 0.82543639E+31 0.23531620E+30 0.25015756E+30
 0.61623207E+33 0.63022942E+33 0.12426275E+34 0.80666007E+31 0.22998999E+30 0.24451178E+30
 0.60230873E+33 0.61598920E+33 0.12145511E+34 0.78831071E+31 0.22478399E+30 0.23899287E+30
 0.58869879E+33 0.60206953E+33 0.11871066E+34 0.77037862E+31 0.21969549E+30 0.23359798E+30
 0.57539523E+33 0.58846323E+33 0.11602799E+34 0.75285429E+31 0.21472187E+30 0.22832435E+30
 0.56239119E+33 0.57516329E+33 0.11340573E+34 0.73572848E+31 0.20986053E+30 0.22316928E+30
 0.54967997E+33 0.56216286E+33 0.11084251E+34 0.71899211E+31 0.20510895E+30 0.21813011E+30
 0.53725502E+33 0.54945522E+33 0.10833702E+34 0.70263634E+31 0.20046466E+30 0.21320425E+30
 0.52510992E+33 0.53703382E+33 0.10588795E+34 0.68665252E+31 0.19592525E+30 0.20838918E+30
 0.51323840E+33 0.52489224E+33 0.10349406E+34 0.67103219E+31 0.19148836E+30 0.20368242E+30
 0.50163434E+33 0.51302422E+33 0.10115410E+34 0.65576709E+31 0.18715169E+30 0.19908154E+30
 0.49029173E+33 0.50142362E+33 0.98866867E+33 0.64084914E+31 0.18291298E+30 0.19458418E+30
 0.47920473E+33 0.49008444E+33 0.96631173E+33 0.62627046E+31 0.17877002E+30 0.19018803E+30
 0.46836759E+33 0.47900084E+33 0.94445866E+33 0.61202332E+31 0.17472067E+30 0.18589081E+30
 0.45777472E+33 0.46816708E+33 0.92309816E+33 0.59810021E+31 0.17076281E+30 0.18169033E+30
 0.44742064E+33 0.45757755E+33 0.90221918E+33 0.58449374E+31 0.16689439E+30 0.17758440E+30
 0.43730000E+33 0.44722677E+33 0.88181092E+33 0.57119672E+31 0.16311339E+30 0.17357092E+30
 0.42740755E+33 0.43710939E+33 0.86186282E+33 0.55820212E+31 0.15941784E+30 0.16964781E+30
 0.41773818E+33 0.42722018E+33 0.84236456E+33 0.54550306E+31 0.15580582E+30 0.16581305E+30
 0.40828688E+33 0.41755401E+33 0.82330604E+33 0.53309282E+31 0.15227545E+30 0.16206467E+30
 0.39904876E+33 0.40810587E+33 0.80467739E+33 0.52096484E+31 0.14882489E+30 0.15840073E+30
 0.39001903E+33 0.39887087E+33 0.78646896E+33 0.50911269E+31 0.14545234E+30 0.15481933E+30
 0.38119300E+33 0.38984422E+33 0.76867132E+33 0.49753012E+31 0.14215604E+30 0.15131863E+30
 0.37256612E+33 0.38102125E+33 0.75127524E+33 0.48621098E+31 0.13893428E+30 0.14789682E+30
 0.36413390E+33 0.37239738E+33 0.73427170E+33 0.47514930E+31 0.13578537E+30 0.14455213E+30
 0.35589197E+33 0.36396813E+33 0.71765189E+33 0.46433921E+31 0.13270768E+30 0.14128282E+30
 0.34783606E+33 0.35572914E+33 0.70140718E+33 0.45377500E+31 0.12969960E+30 0.13808722E+30
 0.33996198E+33 0.34767612E+33 0.68552914E+33 0.44345107E+31 0.12675956E+30 0.13496366E+30
 0.33226565E+33 0.33980490E+33 0.67000954E+33 0.43336197E+31 0.12388602E+30 0.13191053E+30
 0.32474308E+33 0.33211140E+33 0.65484031E+33 0.42350234E+31 0.12107749E+30 0.12892625E+30
 0.31739035E+33 0.32459160E+33 0.64001358E+33 0.41386699E+31 0.11833249E+30 0.12600928E+30
 0.31020365E+33 0.31724162E+33 0.62552165E+33 0.40445080E+31 0.11564961E+30 0.12315810E+30
 0.30317925E+33 0.31005763E+33 0.61135698E+33 0.39524880E+31 0.11302743E+30 0.12037124E+30
 0.29631349E+33 0.30303590E+33 0.59751223E+33 0.38625611E+31 0.11046458E+30 0.11764725E+30
 0.28960281E+33 0.29617277E+33 0.58398019E+33 0.37746797E+31 0.10795974E+30 0.11498472E+30
 0.28304372E+33 0.28946468E+33 0.57075382E+33 0.36887973E+31 0.10551158E+30 0.11238227E+30
 0.27663281E+33 0.28290814E+33 0.55782626E+33 0.36048685E+31 0.10311883E+30 0.10983855E+30
 0.27036673E+33 0.27649974E+33 0.54519077E+33 0.35228489E+31 0.10078025E+30 0.10735225E+30
 0.26424224E+33 0.27023614E+33 0.53284078E+33 0.34426950E+31 0.98494597E+29 0.10492206E+30
 0.25825615E+33 0.26411409E+33 0.52076986E+33 0.33643643E+31 0.96260689E+29 0.10254673E+30
 0.25240533E+33 0.25813040E+33 0.50897174E+33 0.32878156E+31 0.94077355E+29 0.10022504E+30
 0.24668675E+33 0.25228195E+33 0.49744026E+33 0.32130081E+31 0.91943453E+29 0.97955757E+29
 0.24109742E+33 0.24656569E+33 0.48616944E+33 0.31399024E+31 0.89857868E+29 0.95737721E+29
 0.23563444E+33 0.24097866E+33 0.47515338E+33 0.30684597E+31 0.87819507E+29 0.93569774E+29
 0.23029496E+33 0.23551793E+33 0.46438636E+33 0.29986422E+31 0.85827306E+29 0.91450791E+29
 0.22507619E+33 0.23018067E+33 0.45386277E+33 0.29304130E+31 0.83880220E+29 0.89379670E+29
 0.21997543E+33 0.22496409E+33 0.44357712E+33 0.28637359E+31 0.81977231E+29 0.87355335E+29
 0.21499000E+33 0.21986547E+33 0.43352405E+33 0.27985756E+31 0.80117343E+29 0.85376731E+29
 0.21011731E+33 0.21488215E+33 0.42369832E+33 0.27348977E+31 0.78299582E+29 0.83442831E+29
 0.20535482E+33 0.21001154E+33 0.41409480E+33 0.26726684E+31 0.76522997E+29 0.81552628E+29
 0.20070004E+33 0.20525109E+33 0.40470849E+33 0.26118547E+31 0.74786656E+29 0.79705138E+29
 0.19615055E+33 0.20059832E+33 0.39553449E+33 0.25524246E+31 0.73089652E+29 0.77899401E+29
 0.19170397E+33 0.19605081E+33 0.38656801E+33 0.24943464E+31 0.71431093E+29 0.76134475E+29
 0.18735798E+33 0.19160617E+33 0.37780437E+33 0.24375896E+31 0.69810112E+29 0.74409441E+29
 0.18311032E+33 0.18726209E+33 0.36923900E+33 0.23821239E+31 0.68225860E+29 0.72723402E+29
 0.17895876E+33 0.18301630E+33 0.36086743E+33 0.23279201E+31 0.66677505E+29 0.71075479E+29
 0.17490114E+33 0.17886659E+33 0.35268528E+33 0.22749495E+31 0.65164237E+29 0.69464813E+29
 0.17093534E+33 0.17481078E+33 0.34468829E+33 0.22231839E+31 0.63685262E+29 0.67890565E+29
 0.16705928E+33 0.17084676E+33 0.33687227E+33 0.21725960E+31 0.62239804E+29 0.66351914E+29
 0.16327095E+33 0.16697246E+33 0.32923314E+33 0.21231591E+31 0.60827107E+29 0.64848058E+29
 0.15956836E+33 0.16318585E+33 0.32176692E+33 0.20748469E+31 0.59446428E+29 0.63378213E+29
 0.15594958E+33 0.15948494E+33 0.31446969E+33 0.20276338E+31 0.58097045E+29 0.61941612E+29
 0.15241271E+33 0.15586782E+33 0.30733764E+33 0.19814949E+31 0.56778248E+29 0.60537506E+29
 0.14895592E+33 0.15233259E+33 0.30036705E+33 0.19364057E+31 0.55489346E+29 0.59165162E+29
 0.14557738E+33 0.14887739E+33 0.29355427E+33 0.18923424E+31 0.54229664E+29 0.57823863E+29
 0.14227533E+33 0.14550042E+33 0.28689574E+33 0.18492815E+31 0.52998539E+29 0.56512910E+29
 0.13904805E+33 0.14219992E+33 0.28038797E+33 0.18072004E+31 0.51795326E+29 0.55231619E+29
 0.13589385E+33 0.13897415E+33 0.27402756E+33 0.17660767E+31 0.50619393E+29 0.53979319E+29
 0.13281107E+33 0.13582144E+33 0.26781118E+33 0.17258886E+31 0.49470123E+29 0.52755358E+29
 0.12979811E+33 0.13274012E+33 0.26173558E+33 0.16866149E+31 0.48346913E+29 0.51559096E+29
 0.12685338E+33 0.12972859E+33 0.25579758E+33 0.16482347E+31 0.47249173E+29 0.50389907E+29
 0.12397535E+33 0.12678527E+33 0.24999407E+33 0.16107278E+31 0.46176325E+29 0.49247182E+29
 0.12116251E+33 0.12390862E+33 0.24432202E+33 0.15740742E+31 0.45127808E+29 0.48130322E+29
 0.11841338E+33 0.12109714E+33 0.23877844E+33 0.15382546E+31 0.44103071E+29 0.47038744E+29
 0.11572653E+33 0.11834934E+33 0.23336045E+33 0.15032500E+31 0.43101574E+29 0.45971877E+29
 0.11310055E+33 0.11566379E+33 0.22806519E+33 0.14690419E+31 0.42122792E+29 0.44929164E+29
 0.11053406E+33 0.11303909E+33 0.22288990E+33 0.14356121E+31 0.41166210E+29 0.43910058E+29
 0.10802572E+33 0.11047386E+33 0.21783187E+33 0.14029429E+31 0.40231326E+29 0.42914027E+29
 0.10557422E+33 0.10796675E+33 0.21288845E+33 0.13710170E+31 0.39317649E+29 0.41940551E+29
 0.10317826E+33 0.10551646E+33 0.20805704E+33 0.13398175E+31 0.38424699E+29 0.40989118E+29
 0.10083660E+33 0.10312169E+33 0.20333511E+33 0.13093280E+31 0.37552005E+29 0.40059233E+29
 0.98548001E+32 0.10078119E+33 0.19872018E+33 0.12795322E+31 0.36699110E+29 0.39150407E+29
 0.96311269E+32 0.98493730E+32 0.19420985E+33 0.12504143E+31 0.35865564E+29 0.38262166E+29
 0.94125231E+32 0.96258118E+32 0.18980174E+33 0.12219590E+31 0.35050931E+29 0.37394043E+29
 0.91988740E+32 0.94073178E+32 0.18549354E+33 0.11941511E+31 0.34254780E+29 0.36545586E+29
 0.89900675E+32 0.91937763E+32 0.18128299E+33 0.11669760E+31 0.33476694E+29 0.35716348E+29
 0.87859942E+32 0.89850754E+32 0.17716788E+33 0.11404192E+31 0.32716263E+29 0.34905897E+29
 0.85865468E+32 0.87811056E+32 0.17314605E+33 0.11144667E+31 0.31973088E+29 0.34113806E+29
 0.83916208E+32 0.85817598E+32 0.16921540E+33 0.10891047E+31 0.31246777E+29 0.33339662E+29
 0.82011140E+32 0.83869334E+32 0.16537386E+33 0.10643198E+31 0.30536949E+29 0.32583059E+29
 0.80149263E+32 0.81965242E+32 0.16161942E+33 0.10400989E+31 0.29843229E+29 0.31843600E+29
 0.78329600E+32 0.80104321E+32 0.15795010E+33 0.10164291E+31 0.29165253E+29 0.31120897E+29
 0.76551195E+32 0.78285596E+32 0.15436397E+33 0.99329794E+30 0.28502665E+29 0.30414572E+29
 0.74813116E+32 0.76508111E+32 0.15085916E+33 0.97069308E+30 0.27855114E+29 0.29724255E+29
 0.73114449E+32 0.74770934E+32 0.14743383E+33 0.94860259E+30 0.27222262E+29 0.29049583E+29
 0.71454303E+32 0.73073151E+32 0.14408617E+33 0.92701477E+30 0.26603773E+29 0.28390203E+29
 0.69831805E+32 0.71413871E+32 0.14081443E+33 0.90591818E+30 0.25999324E+29 0.27745768E+29
 0.68246104E+32 0.69792222E+32 0.13761690E+33 0.88530164E+30 0.25408595E+29 0.27115941E+29
 0.66696367E+32 0.68207353E+32 0.13449188E+33 0.86515423E+30 0.24831276E+29 0.26500391E+29
 0.65181778E+32 0.66658431E+32 0.13143774E+33 0.84546527E+30 0.24267062E+29 0.25898796E+29
 0.63701544E+32 0.65144642E+32 0.12845287E+33 0.82622435E+30 0.23715657E+29 0.25310839E+29
 0.62254885E+32 0.63665191E+32 0.12553571E+33 0.80742126E+30 0.23176770E+29 0.24736213E+29
 0.60841042E+32 0.62219300E+32 0.12268471E+33 0.78904604E+30 0.22650118E+29 0.24174615E+29
 0.59459271E+32 0.60806208E+32 0.11989840E+33 0.77108895E+30 0.22135422E+29 0.23625750E+29
 0.58108846E+32 0.59425174E+32 0.11717529E+33 0.75354050E+30 0.21632412E+29 0.23089331E+29
 0.56789058E+32 0.58075472E+32 0.11451396E+33 0.73639137E+30 0.21140824E+29 0.22565076E+29
 0.55499212E+32 0.56756391E+32 0.11191301E+33 0.71963248E+30 0.20660397E+29 0.22052709E+29
 0.54238630E+32 0.55467238E+32 0.10937107E+33 0.70325495E+30 0.20190878E+29 0.21551962E+29
 0.53006649E+32 0.54207335E+32 0.10688680E+33 0.68725011E+30 0.19732021E+29 0.21062572E+29
 0.51802622E+32 0.52976020E+32 0.10445890E+33 0.67160947E+30 0.19283584E+29 0.20584280E+29
 0.50625915E+32 0.51772645E+32 0.10208610E+33 0.65632476E+30 0.18845330E+29 0.20116837E+29
 0.49475910E+32 0.50596576E+32 0.99767131E+32 0.64138786E+30 0.18417028E+29 0.19659996E+29
 0.48352001E+32 0.49447196E+32 0.97500789E+32 0.62679088E+30 0.17998453E+29 0.19213518E+29
 0.47253597E+32 0.48323900E+32 0.95285878E+32 0.61252606E+30 0.17589384E+29 0.18777167E+29
 0.46180120E+32 0.47226096E+32 0.93121232E+32 0.59858587E+30 0.17189605E+29 0.18350715E+29
 0.45131006E+32 0.46153207E+32 0.91005712E+32 0.58496290E+30 0.16798906E+29 0.17933938E+29
 0.44105701E+32 0.45104668E+32 0.88938206E+32 0.57164994E+30 0.16417080E+29 0.17526615E+29
 0.43103668E+32 0.44079928E+32 0.86917624E+32 0.55863994E+30 0.16043926E+29 0.17128534E+29
 0.42124378E+32 0.43078446E+32 0.84942904E+32 0.54592601E+30 0.15679248E+29 0.16739484E+29
 0.41167315E+32 0.42099697E+32 0.83013005E+32 0.53350140E+30 0.15322853E+29 0.16359261E+29
 0.40231977E+32 0.41143164E+32 0.81126913E+32 0.52135954E+30 0.14974553E+29 0.15987666E+29
 0.39317870E+32 0.40208344E+32 0.79283635E+32 0.50949398E+30 0.14634165E+29 0.15624503E+29
 0.38424513E+32 0.39294745E+32 0.77482199E+32 0.49789845E+30 0.14301509E+29 0.15269580E+29
 0.37551437E+32 0.38401886E+32 0.75721657E+32 0.48656681E+30 0.13976410E+29 0.14922711E+29
 0.36698180E+32 0.37529297E+32 0.74001082E+32 0.47549303E+30 0.13658695E+29 0.14583714E+29
 0.35864295E+32 0.36676517E+32 0.72319568E+32 0.46467126E+30 0.13348198E+29 0.14252410E+29
 0.35049341E+32 0.35843099E+32 0.70676230E+32 0.45409577E+30 0.13044755E+29 0.13928625E+29
 0.34252890E+32 0.35028602E+32 0.69070201E+32 0.44376095E+30 0.12748206E+29 0.13612189E+29
 0.33474521E+32 0.34232599E+32 0.67500637E+32 0.43366132E+30 0.12458394E+29 0.13302934E+29
 0.32713826E+32 0.33454669E+32 0.65966709E+32 0.42379153E+30 0.12175166E+29 0.13000699E+29
 0.31970402E+32 0.32694402E+32 0.64467610E+32 0.41414635E+30 0.11898373E+29 0.12705324E+29
 0.31243859E+32 0.31951399E+32 0.63002551E+32 0.40472067E+30 0.11627868E+29 0.12416653E+29
 0.30533814E+32 0.31225267E+32 0.61570759E+32 0.39550950E+30 0.11363510E+29 0.12134535E+29
 0.29839892E+32 0.30515624E+32 0.60171479E+32 0.38650795E+30 0.11105158E+29 0.11858821E+29
 0.29161728E+32 0.29822097E+32 0.58803975E+32 0.37771126E+30 0.10852676E+29 0.11589367E+29
 0.28498964E+32 0.29144318E+32 0.57467525E+32 0.36911476E+30 0.10605932E+29 0.11326029E+29
 0.27851251E+32 0.28481932E+32 0.56161425E+32 0.36071389E+30 0.10364793E+29 0.11068669E+29
 0.27218248E+32 0.27834589E+32 0.54884987E+32 0.35250422E+30 0.10129135E+29 0.10817153E+29
 0.26599621E+32 0.27201948E+32 0.53637538E+32 0.34448137E+30 0.98988310E+28 0.10571347E+29
 0.25995044E+32 0.26583676E+32 0.52418421E+32 0.33664111E+30 0.96737606E+28 0.10331121E+29
 0.25404197E+32 0.25979445E+32 0.51226992E+32 0.32897929E+30 0.94538048E+28 0.10096350E+29
 0.24826771E+32 0.25388939E+32 0.50062623E+32 0.32149182E+30 0.92388475E+28 0.98669100E+28
 0.24262460E+32 0.24811844E+32 0.48924701E+32 0.31417476E+30 0.90287751E+28 0.96426795E+28
 0.23710966E+32 0.24247858E+32 0.47812625E+32 0.30702423E+30 0.88234768E+28 0.94235405E+28
 0.23171999E+32 0.23696683E+32 0.46725810E+32 0.30003642E+30 0.86228441E+28 0.92093777E+28
 0.22645274E+32 0.23158028E+32 0.45663681E+32 0.29320765E+30 0.84267710E+28 0.90000781E+28
 0.22130515E+32 0.22631608E+32 0.44625679E+32 0.28653429E+30 0.82351541E+28 0.87955316E+28
 0.21627448E+32 0.22117147E+32 0.43611256E+32 0.28001280E+30 0.80478921E+28 0.85956302E+28
 0.21135810E+32 0.21614372E+32 0.42619877E+32 0.27363974E+30 0.78648862E+28 0.84002686E+28
 0.20655340E+32 0.21123020E+32 0.41651019E+32 0.26741171E+30 0.76860397E+28 0.82093438E+28
 0.20185785E+32 0.20642829E+32 0.40704172E+32 0.26132543E+30 0.75112581E+28 0.80227551E+28
 0.19726897E+32 0.20173548E+32 0.39778835E+32 0.25537766E+30 0.73404491E+28 0.78404043E+28
 0.19278435E+32 0.19714929E+32 0.38874520E+32 0.24956525E+30 0.71735225E+28 0.76621952E+28
 0.18840161E+32 0.19266729E+32 0.37990751E+32 0.24388513E+30 0.70103900E+28 0.74880337E+28
 0.18411845E+32 0.18828711E+32 0.37127060E+32 0.23833428E+30 0.68509656E+28 0.73178281E+28
 0.17993260E+32 0.18400646E+32 0.36282993E+32 0.23290976E+30 0.66951650E+28 0.71514886E+28
 0.17584186E+32 0.17982307E+32 0.35458103E+32 0.22760869E+30 0.65429058E+28 0.69889274E+28
 0.17184406E+32 0.17573473E+32 0.34651956E+32 0.22242827E+30 0.63941077E+28 0.68300589E+28
 0.16793710E+32 0.17173929E+32 0.33864126E+32 0.21736575E+30 0.62486920E+28 0.66747993E+28
 0.16411891E+32 0.16783463E+32 0.33094197E+32 0.21241845E+30 0.61065819E+28 0.65230666E+28
 0.16038748E+32 0.16401869E+32 0.32341762E+32 0.20758375E+30 0.59677023E+28 0.63747808E+28
 0.15674084E+32 0.16028946E+32 0.31606425E+32 0.20285908E+30 0.58319798E+28 0.62298637E+28
 0.15317707E+32 0.15664498E+32 0.30887798E+32 0.19824194E+30 0.56993426E+28 0.60882389E+28
 0.14969427E+32 0.15308331E+32 0.30185500E+32 0.19372988E+30 0.55697208E+28 0.59498316E+28
 0.14629062E+32 0.14960259E+32 0.29499162E+32 0.18932051E+30 0.54430457E+28 0.58145687E+28
 0.14296432E+32 0.14620096E+32 0.28828420E+32 0.18501149E+30 0.53192505E+28 0.56823790E+28
 0.13971361E+32 0.14287663E+32 0.28172922E+32 0.18080055E+30 0.51982696E+28 0.55531926E+28
 0.13653678E+32 0.13962785E+32 0.27532319E+32 0.17668544E+30 0.50800392E+28 0.54269415E+28
 0.13343214E+32 0.13645291E+32 0.26906276E+32 0.17266399E+30 0.49644968E+28 0.53035589E+28
 0.13039805E+32 0.13335012E+32 0.26294460E+32 0.16873407E+30 0.48515813E+28 0.51829797E+28
 0.12743293E+32 0.13031784E+32 0.25696549E+32 0.16489359E+30 0.47412330E+28 0.50651404E+28
 0.12453519E+32 0.12735449E+32 0.25112226E+32 0.16114051E+30 0.46333936E+28 0.49499786E+28
 0.12170331E+32 0.12445848E+32 0.24541184E+32 0.15747286E+30 0.45280060E+28 0.48374337E+28
 0.11893580E+32 0.12162830E+32 0.23983121E+32 0.15388868E+30 0.44250146E+28 0.47274462E+28
 0.11623118E+32 0.11886244E+32 0.23437742E+32 0.15038607E+30 0.43243648E+28 0.46199580E+28
 0.11358804E+32 0.11615945E+32 0.22904759E+32 0.14696318E+30 0.42260036E+28 0.45149124E+28
 0.11100498E+32 0.11351790E+32 0.22383890E+32 0.14361820E+30 0.41298789E+28 0.44122539E+28
 0.10848063E+32 0.11093638E+32 0.21874860E+32 0.14034934E+30 0.40359398E+28 0.43119284E+28
 0.10601365E+32 0.10841355E+32 0.21377400E+32 0.13715488E+30 0.39441367E+28 0.42138829E+28
 0.10360276E+32 0.10594806E+32 0.20891248E+32 0.13403313E+30 0.38544210E+28 0.41180655E+28
 0.10124666E+32 0.10353862E+32 0.20416147E+32 0.13098243E+30 0.37667454E+28 0.40244258E+28
 0.98944120E+31 0.10118394E+32 0.19951845E+32 0.12800116E+30 0.36810634E+28 0.39329141E+28
 0.96693921E+31 0.98882794E+31 0.19498098E+32 0.12508775E+30 0.35973297E+28 0.38434823E+28
 0.94494874E+31 0.96633955E+31 0.19054665E+32 0.12224064E+30 0.35155001E+28 0.37560831E+28
 0.92345816E+31 0.94436237E+31 0.18621312E+32 0.11945834E+30 0.34355313E+28 0.36706703E+28
 0.90245612E+31 0.92288480E+31 0.18197811E+32 0.11673936E+30 0.33573809E+28 0.35871988E+28
 0.88193151E+31 0.90189548E+31 0.17783937E+32 0.11408226E+30 0.32810077E+28 0.35056245E+28
 0.86187350E+31 0.88138332E+31 0.17379471E+32 0.11148564E+30 0.32063713E+28 0.34259044E+28
 0.84227148E+31 0.86133748E+31 0.16984201E+32 0.10894812E+30 0.31334322E+28 0.33479962E+28
 0.82311509E+31 0.84174736E+31 0.16597917E+32 0.10646835E+30 0.30621518E+28 0.32718590E+28
 0.80439420E+31 0.82260262E+31 0.16220415E+32 0.10404503E+30 0.29924923E+28 0.31974523E+28
 0.78609893E+31 0.80389313E+31 0.15851495E+32 0.10167685E+30 0.29244171E+28 0.31247370E+28
 0.76821961E+31 0.78560900E+31 0.15490962E+32 0.99362581E+29 0.28578900E+28 0.30536746E+28
 0.75074677E+31 0.76774056E+31 0.15138627E+32 0.97100982E+29 0.27928758E+28 0.29842276E+28
 0.73367119E+31 0.75027838E+31 0.14794302E+32 0.94890858E+29 0.27293402E+28 0.29163592E+28
