# su gauss         1000 pg_dd                                             
 0.82498358E+37 0.50074623E+37 0.99612168E+37 0.98677801E+37 0.11303082E+35 0.47140076E+33
 0.82919960E+37 0.50520129E+37 0.10049232E+38 0.98635965E+37 0.11372449E+35 0.47725341E+33
 0.83340818E+37 0.50967388E+37 0.10137578E+38 0.98587164E+37 0.11441577E+35 0.48315398E+33
 0.83760908E+37 0.51416371E+37 0.10226251E+38 0.98531411E+37 0.11510453E+35 0.48910256E+33
 0.84180202E+37 0.51867052E+37 0.10315244E+38 0.98468719E+37 0.11579067E+35 0.49509922E+33
 0.84598677E+37 0.52319400E+37 0.10404552E+38 0.98399106E+37 0.11647407E+35 0.50114404E+33
 0.85016305E+37 0.52773386E+37 0.10494167E+38 0.98322591E+37 0.11715461E+35 0.50723708E+33
 0.85433063E+37 0.53228981E+37 0.10584085E+38 0.98239192E+37 0.11783217E+35 0.51337840E+33
 0.85848924E+37 0.53686153E+37 0.10674298E+38 0.98148933E+37 0.11850663E+35 0.51956807E+33
 0.86263863E+37 0.54144873E+37 0.10764800E+38 0.98051838E+37 0.11917788E+35 0.52580613E+33
 0.86677855E+37 0.54605107E+37 0.10855585E+38 0.97947931E+37 0.11984579E+35 0.53209263E+33
 0.87090875E+37 0.55066824E+37 0.10946646E+38 0.97837240E+37 0.12051025E+35 0.53842761E+33
 0.87502896E+37 0.55529992E+37 0.11037976E+38 0.97719794E+37 0.12117113E+35 0.54481110E+33
 0.87913895E+37 0.55994576E+37 0.11129568E+38 0.97595624E+37 0.12182832E+35 0.55124313E+33
 0.88323845E+37 0.56460542E+37 0.11221416E+38 0.97464763E+37 0.12248169E+35 0.55772371E+33
 0.88732721E+37 0.56927857E+37 0.11313511E+38 0.97327244E+37 0.12313112E+35 0.56425287E+33
 0.89140498E+37 0.57396486E+37 0.11405848E+38 0.97183104E+37 0.12377649E+35 0.57083060E+33
 0.89547150E+37 0.57866392E+37 0.11498418E+38 0.97032378E+37 0.12441769E+35 0.57745691E+33
 0.89952654E+37 0.58337541E+37 0.11591214E+38 0.96875108E+37 0.12505458E+35 0.58413178E+33
 0.90356983E+37 0.58809894E+37 0.11684228E+38 0.96711333E+37 0.12568706E+35 0.59085523E+33
 0.90760112E+37 0.59283415E+37 0.11777454E+38 0.96541096E+37 0.12631499E+35 0.59762718E+33
 0.91162016E+37 0.59758067E+37 0.11870882E+38 0.96364442E+37 0.12693826E+35 0.60444763E+33
 0.91562669E+37 0.60233810E+37 0.11964506E+38 0.96181412E+37 0.12755674E+35 0.61131652E+33
 0.91962047E+37 0.60710608E+37 0.12058317E+38 0.95992058E+37 0.12817032E+35 0.61823382E+33
 0.92360125E+37 0.61188420E+37 0.12152308E+38 0.95796425E+37 0.12877888E+35 0.62519947E+33
 0.92756877E+37 0.61667207E+37 0.12246469E+38 0.95594565E+37 0.12938228E+35 0.63221339E+33
 0.93152278E+37 0.62146929E+37 0.12340794E+38 0.95386527E+37 0.12998043E+35 0.63927551E+33
 0.93546304E+37 0.62627545E+37 0.12435273E+38 0.95172365E+37 0.13057318E+35 0.64638575E+33
 0.93938928E+37 0.63109014E+37 0.12529898E+38 0.94952134E+37 0.13116043E+35 0.65354400E+33
 0.94330126E+37 0.63591295E+37 0.12624661E+38 0.94725887E+37 0.13174206E+35 0.66075017E+33
 0.94719903E+37 0.64074376E+37 0.12719559E+38 0.94493682E+37 0.13231795E+35 0.66800413E+33
 0.95108170E+37 0.64558151E+37 0.12814570E+38 0.94255577E+37 0.13288797E+35 0.67530575E+33
 0.95494938E+37 0.65042612E+37 0.12909693E+38 0.94011631E+37 0.13345202E+35 0.68265491E+33
 0.95880179E+37 0.65527714E+37 0.13004919E+38 0.93761904E+37 0.13400998E+35 0.69005145E+33
 0.96263869E+37 0.66013413E+37 0.13100239E+38 0.93506458E+37 0.13456172E+35 0.69749522E+33
 0.96645981E+37 0.66499665E+37 0.13195643E+38 0.93245357E+37 0.13510714E+35 0.70498604E+33
 0.97026490E+37 0.66986425E+37 0.13291123E+38 0.92978663E+37 0.13564613E+35 0.71252372E+33
 0.97405372E+37 0.67473649E+37 0.13386669E+38 0.92706443E+37 0.13617856E+35 0.72010808E+33
 0.97782601E+37 0.67961290E+37 0.13482272E+38 0.92428761E+37 0.13670432E+35 0.72773892E+33
 0.98158152E+37 0.68449303E+37 0.13577922E+38 0.92145686E+37 0.13722332E+35 0.73541600E+33
 0.98532000E+37 0.68937643E+37 0.13673611E+38 0.91857285E+37 0.13773542E+35 0.74313910E+33
 0.98904120E+37 0.69426261E+37 0.13769329E+38 0.91563628E+37 0.13824053E+35 0.75090797E+33
 0.99274497E+37 0.69915124E+37 0.13865068E+38 0.91264784E+37 0.13873853E+35 0.75872236E+33
 0.99643085E+37 0.70404161E+37 0.13960815E+38 0.90960826E+37 0.13922932E+35 0.76658200E+33
 0.10000987E+38 0.70893336E+37 0.14056561E+38 0.90651823E+37 0.13971279E+35 0.77448661E+33
 0.10037482E+38 0.71382601E+37 0.14152297E+38 0.90337850E+37 0.14018884E+35 0.78243588E+33
 0.10073792E+38 0.71871907E+37 0.14248014E+38 0.90018980E+37 0.14065736E+35 0.79042950E+33
 0.10109914E+38 0.72361207E+37 0.14343702E+38 0.89695286E+37 0.14111825E+35 0.79846716E+33
 0.10145846E+38 0.72850452E+37 0.14439350E+38 0.89366845E+37 0.14157142E+35 0.80654851E+33
 0.10181584E+38 0.73339593E+37 0.14534949E+38 0.89033731E+37 0.14201675E+35 0.81467319E+33
 0.10217127E+38 0.73828580E+37 0.14630488E+38 0.88696021E+37 0.14245416E+35 0.82284083E+33
 0.10252472E+38 0.74317364E+37 0.14725958E+38 0.88353791E+37 0.14288354E+35 0.83105106E+33
 0.10287616E+38 0.74805895E+37 0.14821349E+38 0.88007134E+37 0.14330481E+35 0.83930355E+33
 0.10322558E+38 0.75294123E+37 0.14916650E+38 0.87656100E+37 0.14371786E+35 0.84759773E+33
 0.10357292E+38 0.75781993E+37 0.15011850E+38 0.87300781E+37 0.14412261E+35 0.85593324E+33
 0.10391820E+38 0.76269464E+37 0.15106941E+38 0.86941256E+37 0.14451897E+35 0.86430965E+33
 0.10426136E+38 0.76756482E+37 0.15201912E+38 0.86577605E+37 0.14490685E+35 0.87272648E+33
 0.10460239E+38 0.77242994E+37 0.15296752E+38 0.86209908E+37 0.14528350E+35 0.88118326E+33
 0.10494127E+38 0.77728952E+37 0.15391452E+38 0.85838245E+37 0.14565688E+35 0.88967948E+33
 0.10527797E+38 0.78214302E+37 0.15486001E+38 0.85462697E+37 0.14601874E+35 0.89821465E+33
 0.10561245E+38 0.78698992E+37 0.15580387E+38 0.85083344E+37 0.14637187E+35 0.90678823E+33
 0.10594471E+38 0.79182975E+37 0.15674603E+38 0.84700269E+37 0.14671606E+35 0.91539967E+33
 0.10627470E+38 0.79666195E+37 0.15768635E+38 0.84313553E+37 0.14704823E+35 0.92404841E+33
 0.10660241E+38 0.80148605E+37 0.15862476E+38 0.83923278E+37 0.14737753E+35 0.93273386E+33
 0.10692883E+38 0.80631158E+37 0.15956315E+38 0.83529525E+37 0.14769463E+35 0.94145543E+33
 0.10725190E+38 0.81111790E+37 0.16049740E+38 0.83132376E+37 0.14800250E+35 0.95021250E+33
 0.10757262E+38 0.81591453E+37 0.16142941E+38 0.82731915E+37 0.14830117E+35 0.95900443E+33
 0.10789095E+38 0.82070097E+37 0.16235907E+38 0.82328222E+37 0.14858994E+35 0.96783058E+33
 0.10820687E+38 0.82547669E+37 0.16328629E+38 0.81921381E+37 0.14887037E+35 0.97669026E+33
 0.10852036E+38 0.83024116E+37 0.16421095E+38 0.81511474E+37 0.14914085E+35 0.98558279E+33
 0.10883140E+38 0.83499388E+37 0.16513295E+38 0.81098583E+37 0.14940181E+35 0.99450746E+33
 0.10913994E+38 0.83973431E+37 0.16605220E+38 0.80682791E+37 0.14965321E+35 0.10034635E+34
 0.10944599E+38 0.84446195E+37 0.16696858E+38 0.80264179E+37 0.14989499E+35 0.10124503E+34
 0.10974949E+38 0.84917626E+37 0.16788199E+38 0.79842830E+37 0.15012710E+35 0.10214669E+34
 0.11005044E+38 0.85387673E+37 0.16879232E+38 0.79418826E+37 0.15034950E+35 0.10305127E+34
 0.11034881E+38 0.85856285E+37 0.16969948E+38 0.78992249E+37 0.15056212E+35 0.10395867E+34
 0.11064457E+38 0.86323408E+37 0.17060336E+38 0.78563180E+37 0.15076492E+35 0.10486882E+34
 0.11093770E+38 0.86788991E+37 0.17150385E+38 0.78131701E+37 0.15095787E+35 0.10578164E+34
 0.11122818E+38 0.87252981E+37 0.17240085E+38 0.77697894E+37 0.15114092E+35 0.10669703E+34
 0.11151597E+38 0.87715328E+37 0.17329426E+38 0.77261838E+37 0.15131404E+35 0.10761491E+34
 0.11180106E+38 0.88175980E+37 0.17418398E+38 0.76823615E+37 0.15147719E+35 0.10853519E+34
 0.11208342E+38 0.88634885E+37 0.17506990E+38 0.76383305E+37 0.15163032E+35 0.10945777E+34
 0.11236302E+38 0.89091989E+37 0.17595191E+38 0.75940988E+37 0.15177343E+35 0.11038257E+34
 0.11263985E+38 0.89547246E+37 0.17682993E+38 0.75496744E+37 0.15190647E+35 0.11130947E+34
 0.11291387E+38 0.90000601E+37 0.17770384E+38 0.75050651E+37 0.15202943E+35 0.11223840E+34
 0.11318507E+38 0.90452005E+37 0.17857354E+38 0.74602789E+37 0.15214227E+35 0.11316924E+34
 0.11345342E+38 0.90901405E+37 0.17943895E+38 0.74153236E+37 0.15224499E+35 0.11410189E+34
 0.11371889E+38 0.91348752E+37 0.18029994E+38 0.73702070E+37 0.15233755E+35 0.11503625E+34
 0.11398147E+38 0.91793994E+37 0.18115643E+38 0.73249369E+37 0.15241996E+35 0.11597221E+34
 0.11424112E+38 0.92237080E+37 0.18200831E+38 0.72795208E+37 0.15249219E+35 0.11690966E+34
 0.11449783E+38 0.92677960E+37 0.18285548E+38 0.72339665E+37 0.15255424E+35 0.11784849E+34
 0.11475157E+38 0.93116585E+37 0.18369785E+38 0.71882815E+37 0.15260609E+35 0.11878860E+34
 0.11500232E+38 0.93552904E+37 0.18453531E+38 0.71424734E+37 0.15264775E+35 0.11972985E+34
 0.11525005E+38 0.93986866E+37 0.18536777E+38 0.70965496E+37 0.15267922E+35 0.12067215E+34
 0.11549474E+38 0.94418424E+37 0.18619513E+38 0.70505176E+37 0.15270048E+35 0.12161536E+34
 0.11573637E+38 0.94847526E+37 0.18701729E+38 0.70043846E+37 0.15271156E+35 0.12255936E+34
 0.11597491E+38 0.95274123E+37 0.18783416E+38 0.69581580E+37 0.15271244E+35 0.12350404E+34
 0.11621035E+38 0.95698167E+37 0.18864563E+38 0.69118450E+37 0.15270315E+35 0.12444927E+34
 0.11644265E+38 0.96119608E+37 0.18945162E+38 0.68654527E+37 0.15268369E+35 0.12539493E+34
 0.11667179E+38 0.96538397E+37 0.19025203E+38 0.68189881E+37 0.15265407E+35 0.12634087E+34
 0.11689775E+38 0.96954488E+37 0.19104676E+38 0.67724584E+37 0.15261432E+35 0.12728697E+34
 0.11712052E+38 0.97367828E+37 0.19183572E+38 0.67258704E+37 0.15256444E+35 0.12823311E+34
 0.11734005E+38 0.97778373E+37 0.19261881E+38 0.66792311E+37 0.15250447E+35 0.12917914E+34
 0.11755634E+38 0.98186072E+37 0.19339595E+38 0.66325471E+37 0.15243442E+35 0.13012492E+34
 0.11776936E+38 0.98590878E+37 0.19416703E+38 0.65858252E+37 0.15235432E+35 0.13107033E+34
 0.11797908E+38 0.98992744E+37 0.19493197E+38 0.65390721E+37 0.15226422E+35 0.13201521E+34
 0.11818549E+38 0.99391622E+37 0.19569067E+38 0.64922942E+37 0.15216412E+35 0.13295942E+34
 0.11838856E+38 0.99787466E+37 0.19644305E+38 0.64454982E+37 0.15205406E+35 0.13390283E+34
 0.11858827E+38 0.10018023E+38 0.19718900E+38 0.63986903E+37 0.15193409E+35 0.13484528E+34
 0.11878459E+38 0.10056986E+38 0.19792845E+38 0.63518769E+37 0.15180423E+35 0.13578663E+34
 0.11897751E+38 0.10095631E+38 0.19866130E+38 0.63050643E+37 0.15166454E+35 0.13672672E+34
 0.11916699E+38 0.10133955E+38 0.19938746E+38 0.62582586E+37 0.15151508E+35 0.13766541E+34
 0.11935303E+38 0.10171951E+38 0.20010684E+38 0.62114658E+37 0.15135582E+35 0.13860255E+34
 0.11953559E+38 0.10209616E+38 0.20081936E+38 0.61646920E+37 0.15118687E+35 0.13953797E+34
 0.11971465E+38 0.10246945E+38 0.20152492E+38 0.61179430E+37 0.15100825E+35 0.14047152E+34
 0.11989019E+38 0.10283933E+38 0.20222344E+38 0.60712247E+37 0.15082005E+35 0.14140304E+34
 0.12006218E+38 0.10320575E+38 0.20291483E+38 0.60245428E+37 0.15062234E+35 0.14233237E+34
 0.12023061E+38 0.10356868E+38 0.20359900E+38 0.59779029E+37 0.15041506E+35 0.14325936E+34
 0.12039546E+38 0.10392806E+38 0.20427587E+38 0.59313107E+37 0.15019844E+35 0.14418383E+34
 0.12055669E+38 0.10428385E+38 0.20494535E+38 0.58847715E+37 0.14997234E+35 0.14510563E+34
 0.12071429E+38 0.10463601E+38 0.20560736E+38 0.58382907E+37 0.14973699E+35 0.14602459E+34
 0.12086823E+38 0.10498448E+38 0.20626180E+38 0.57918738E+37 0.14949240E+35 0.14694053E+34
 0.12101849E+38 0.10532923E+38 0.20690860E+38 0.57455257E+37 0.14923872E+35 0.14785330E+34
 0.12116504E+38 0.10567020E+38 0.20754766E+38 0.56992518E+37 0.14897572E+35 0.14876273E+34
 0.12130787E+38 0.10600736E+38 0.20817890E+38 0.56530569E+37 0.14870379E+35 0.14966863E+34
 0.12144695E+38 0.10634066E+38 0.20880225E+38 0.56069461E+37 0.14842295E+35 0.15057085E+34
 0.12158226E+38 0.10667004E+38 0.20941761E+38 0.55609242E+37 0.14813311E+35 0.15146920E+34
 0.12171377E+38 0.10699548E+38 0.21002490E+38 0.55149959E+37 0.14783451E+35 0.15236351E+34
 0.12184147E+38 0.10731692E+38 0.21062405E+38 0.54691660E+37 0.14752717E+35 0.15325361E+34
 0.12196531E+38 0.10763432E+38 0.21121495E+38 0.54234389E+37 0.14721117E+35 0.15413932E+34
 0.12208529E+38 0.10794762E+38 0.21179753E+38 0.53778193E+37 0.14688665E+35 0.15502047E+34
 0.12220138E+38 0.10825680E+38 0.21237170E+38 0.53323115E+37 0.14655351E+35 0.15589687E+34
 0.12231355E+38 0.10856179E+38 0.21293739E+38 0.52869198E+37 0.14621201E+35 0.15676834E+34
 0.12242178E+38 0.10886256E+38 0.21349450E+38 0.52416485E+37 0.14586220E+35 0.15763471E+34
 0.12252605E+38 0.10915906E+38 0.21404296E+38 0.51965017E+37 0.14550414E+35 0.15849580E+34
 0.12262634E+38 0.10945125E+38 0.21458268E+38 0.51514888E+37 0.14513793E+35 0.15935142E+34
 0.12272260E+38 0.10973908E+38 0.21511359E+38 0.51066031E+37 0.14476366E+35 0.16020139E+34
 0.12281482E+38 0.11002250E+38 0.21563559E+38 0.50618537E+37 0.14438142E+35 0.16104553E+34
 0.12290191E+38 0.11030040E+38 0.21615074E+38 0.50172445E+37 0.14399130E+35 0.16188367E+34
 0.12298704E+38 0.11057595E+38 0.21665253E+38 0.49727793E+37 0.14359340E+35 0.16271561E+34
 0.12306699E+38 0.11084588E+38 0.21714732E+38 0.49284615E+37 0.14318781E+35 0.16354117E+34
 0.12314280E+38 0.11111122E+38 0.21763287E+38 0.48842968E+37 0.14277463E+35 0.16436017E+34
 0.12321444E+38 0.11137192E+38 0.21810909E+38 0.48402847E+37 0.14235395E+35 0.16517243E+34
 0.12328187E+38 0.11162795E+38 0.21857591E+38 0.47964304E+37 0.14192587E+35 0.16597776E+34
 0.12334509E+38 0.11187924E+38 0.21903324E+38 0.47527374E+37 0.14149049E+35 0.16677598E+34
 0.12340405E+38 0.11212576E+38 0.21948100E+38 0.47092087E+37 0.14104792E+35 0.16756691E+34
 0.12345874E+38 0.11236745E+38 0.21991910E+38 0.46658475E+37 0.14059825E+35 0.16835036E+34
 0.12350912E+38 0.11260428E+38 0.22034745E+38 0.46226568E+37 0.14014158E+35 0.16912616E+34
 0.12355517E+38 0.11283619E+38 0.22076598E+38 0.45796397E+37 0.13967803E+35 0.16989411E+34
 0.12359685E+38 0.11306313E+38 0.22117460E+38 0.45367989E+37 0.13920768E+35 0.17065404E+34
 0.12363415E+38 0.11328506E+38 0.22157321E+38 0.44941373E+37 0.13873065E+35 0.17140576E+34
 0.12366702E+38 0.11350192E+38 0.22196175E+38 0.44516576E+37 0.13824704E+35 0.17214910E+34
 0.12369545E+38 0.11371368E+38 0.22234011E+38 0.44093624E+37 0.13775696E+35 0.17288388E+34
 0.12371940E+38 0.11392028E+38 0.22270822E+38 0.43672544E+37 0.13726051E+35 0.17360991E+34
 0.12373884E+38 0.11412167E+38 0.22306599E+38 0.43253359E+37 0.13675780E+35 0.17432702E+34
 0.12375374E+38 0.11431780E+38 0.22341333E+38 0.42836095E+37 0.13624893E+35 0.17503503E+34
 0.12376407E+38 0.11450862E+38 0.22375015E+38 0.42420774E+37 0.13573402E+35 0.17573376E+34
 0.12376984E+38 0.11469409E+38 0.22407637E+38 0.42007536E+37 0.13521317E+35 0.17642304E+34
 0.12377094E+38 0.11487415E+38 0.22439190E+38 0.41596169E+37 0.13468650E+35 0.17710269E+34
 0.12376738E+38 0.11504876E+38 0.22469665E+38 0.41186811E+37 0.13415410E+35 0.17777255E+34
 0.12375912E+38 0.11521786E+38 0.22499053E+38 0.40779483E+37 0.13361609E+35 0.17843242E+34
 0.12374614E+38 0.11538139E+38 0.22527346E+38 0.40374205E+37 0.13307258E+35 0.17908218E+34
 0.12372840E+38 0.11553932E+38 0.22554534E+38 0.39970996E+37 0.13252368E+35 0.17972162E+34
 0.12370585E+38 0.11569159E+38 0.22580607E+38 0.39569874E+37 0.13196950E+35 0.18035059E+34
 0.12367850E+38 0.11583814E+38 0.22605560E+38 0.39170858E+37 0.13141014E+35 0.18096891E+34
 0.12364629E+38 0.11597895E+38 0.22629382E+38 0.38773964E+37 0.13084572E+35 0.18157642E+34
 0.12360919E+38 0.11611392E+38 0.22652063E+38 0.38379208E+37 0.13027635E+35 0.18217298E+34
 0.12356716E+38 0.11624303E+38 0.22673595E+38 0.37986608E+37 0.12970214E+35 0.18275842E+34
 0.12352017E+38 0.11636622E+38 0.22693968E+38 0.37596177E+37 0.12912319E+35 0.18333259E+34
 0.12346819E+38 0.11648344E+38 0.22713174E+38 0.37207931E+37 0.12853962E+35 0.18389531E+34
 0.12341119E+38 0.11659463E+38 0.22731203E+38 0.36821883E+37 0.12795154E+35 0.18444644E+34
 0.12334913E+38 0.11669974E+38 0.22748047E+38 0.36438047E+37 0.12735906E+35 0.18498584E+34
 0.12328197E+38 0.11679872E+38 0.22763697E+38 0.36056436E+37 0.12676228E+35 0.18551335E+34
 0.12320967E+38 0.11689152E+38 0.22778141E+38 0.35677062E+37 0.12616132E+35 0.18602884E+34
 0.12313222E+38 0.11697808E+38 0.22791374E+38 0.35299937E+37 0.12555628E+35 0.18653215E+34
 0.12304957E+38 0.11705834E+38 0.22803385E+38 0.34925072E+37 0.12494728E+35 0.18702313E+34
 0.12296168E+38 0.11713227E+38 0.22814165E+38 0.34552477E+37 0.12433442E+35 0.18750168E+34
 0.12286853E+38 0.11719980E+38 0.22823705E+38 0.34182162E+37 0.12371781E+35 0.18796767E+34
 0.12277007E+38 0.11726088E+38 0.22831996E+38 0.33814137E+37 0.12309755E+35 0.18842092E+34
 0.12266532E+38 0.11731451E+38 0.22838840E+38 0.33448411E+37 0.12247376E+35 0.18886131E+34
 0.12255615E+38 0.11736253E+38 0.22844607E+38 0.33084993E+37 0.12184655E+35 0.18928876E+34
 0.12244157E+38 0.11740395E+38 0.22849098E+38 0.32723890E+37 0.12121600E+35 0.18970311E+34
 0.12232155E+38 0.11743870E+38 0.22852305E+38 0.32365110E+37 0.12058228E+35 0.19010425E+34
 0.12219606E+38 0.11746675E+38 0.22854218E+38 0.32008660E+37 0.11994541E+35 0.19049207E+34
 0.12206504E+38 0.11748802E+38 0.22854829E+38 0.31654547E+37 0.11930552E+35 0.19086645E+34
 0.12192848E+38 0.11750248E+38 0.22854128E+38 0.31302776E+37 0.11866275E+35 0.19122728E+34
 0.12178634E+38 0.11751007E+38 0.22852108E+38 0.30953354E+37 0.11801717E+35 0.19157468E+34
 0.12163859E+38 0.11751074E+38 0.22848760E+38 0.30606286E+37 0.11736906E+35 0.19191006E+34
 0.12148518E+38 0.11750443E+38 0.22844075E+38 0.30261576E+37 0.11671806E+35 0.19222742E+34
 0.12132610E+38 0.11749111E+38 0.22838045E+38 0.29919229E+37 0.11606472E+35 0.19253313E+34
 0.12116130E+38 0.11747072E+38 0.22830661E+38 0.29579249E+37 0.11540899E+35 0.19282490E+34
 0.12099075E+38 0.11744320E+38 0.22821916E+38 0.29241640E+37 0.11475095E+35 0.19310223E+34
 0.12081443E+38 0.11740852E+38 0.22811802E+38 0.28906404E+37 0.11409074E+35 0.19336552E+34
 0.12063230E+38 0.11736663E+38 0.22800311E+38 0.28573546E+37 0.11342844E+35 0.19361452E+34
 0.12044433E+38 0.11731747E+38 0.22787435E+38 0.28243067E+37 0.11276414E+35 0.19384917E+34
 0.12025050E+38 0.11726100E+38 0.22773166E+38 0.27914969E+37 0.11209795E+35 0.19406941E+34
 0.12005076E+38 0.11719718E+38 0.22757497E+38 0.27589254E+37 0.11142997E+35 0.19427515E+34
 0.11984510E+38 0.11712597E+38 0.22740422E+38 0.27265925E+37 0.11076030E+35 0.19446600E+34
 0.11963349E+38 0.11704731E+38 0.22721932E+38 0.26944981E+37 0.11008899E+35 0.19464292E+34
 0.11941590E+38 0.11696117E+38 0.22702021E+38 0.26626424E+37 0.10941619E+35 0.19480473E+34
 0.11919230E+38 0.11686751E+38 0.22680683E+38 0.26310255E+37 0.10874196E+35 0.19495200E+34
 0.11896267E+38 0.11676628E+38 0.22657912E+38 0.25996473E+37 0.10806640E+35 0.19508443E+34
 0.11872699E+38 0.11665745E+38 0.22633700E+38 0.25685078E+37 0.10738960E+35 0.19520209E+34
 0.11848523E+38 0.11654099E+38 0.22608044E+38 0.25376071E+37 0.10671167E+35 0.19530494E+34
 0.11823735E+38 0.11641685E+38 0.22580935E+38 0.25069388E+37 0.10603268E+35 0.19539280E+34
 0.11798337E+38 0.11628500E+38 0.22552371E+38 0.24765153E+37 0.10535272E+35 0.19546579E+34
 0.11772326E+38 0.11614541E+38 0.22522345E+38 0.24463302E+37 0.10467188E+35 0.19552388E+34
 0.11745700E+38 0.11599806E+38 0.22490853E+38 0.24163835E+37 0.10399026E+35 0.19556705E+34
 0.11718456E+38 0.11584290E+38 0.22457890E+38 0.23866749E+37 0.10330794E+35 0.19559531E+34
 0.11690594E+38 0.11567992E+38 0.22423453E+38 0.23572043E+37 0.10262495E+35 0.19560860E+34
 0.11662113E+38 0.11550908E+38 0.22387538E+38 0.23279714E+37 0.10194149E+35 0.19560679E+34
 0.11633010E+38 0.11533037E+38 0.22350141E+38 0.22989760E+37 0.10125754E+35 0.19559000E+34
 0.11603285E+38 0.11514377E+38 0.22311260E+38 0.22702180E+37 0.10057321E+35 0.19555838E+34
 0.11572938E+38 0.11494925E+38 0.22270892E+38 0.22416969E+37 0.99888615E+34 0.19551177E+34
 0.11541967E+38 0.11474679E+38 0.22229034E+38 0.22134125E+37 0.99203789E+34 0.19545020E+34
 0.11510373E+38 0.11453639E+38 0.22185686E+38 0.21853645E+37 0.98518849E+34 0.19537370E+34
 0.11478154E+38 0.11431803E+38 0.22140845E+38 0.21575525E+37 0.97833847E+34 0.19528229E+34
 0.11445311E+38 0.11409170E+38 0.22094512E+38 0.21299762E+37 0.97148870E+34 0.19517600E+34
 0.11411844E+38 0.11385740E+38 0.22046685E+38 0.21026353E+37 0.96463994E+34 0.19505485E+34
 0.11377753E+38 0.11361511E+38 0.21997364E+38 0.20755292E+37 0.95779292E+34 0.19491889E+34
 0.11343039E+38 0.11336484E+38 0.21946551E+38 0.20486577E+37 0.95094840E+34 0.19476814E+34
 0.11307702E+38 0.11310658E+38 0.21894245E+38 0.20220203E+37 0.94410710E+34 0.19460267E+34
 0.11271744E+38 0.11284035E+38 0.21840449E+38 0.19956165E+37 0.93726974E+34 0.19442250E+34
 0.11235166E+38 0.11256615E+38 0.21785165E+38 0.19694460E+37 0.93043704E+34 0.19422770E+34
 0.11197969E+38 0.11228398E+38 0.21728396E+38 0.19435081E+37 0.92360973E+34 0.19401832E+34
 0.11160155E+38 0.11199386E+38 0.21670143E+38 0.19178026E+37 0.91678845E+34 0.19379441E+34
 0.11121724E+38 0.11169579E+38 0.21610409E+38 0.18923287E+37 0.90997390E+34 0.19355606E+34
 0.11082682E+38 0.11138981E+38 0.21549203E+38 0.18670861E+37 0.90316675E+34 0.19330332E+34
 0.11043029E+38 0.11107594E+38 0.21486526E+38 0.18420741E+37 0.89636765E+34 0.19303627E+34
 0.11002768E+38 0.11075420E+38 0.21422385E+38 0.18172923E+37 0.88957726E+34 0.19275498E+34
 0.10961902E+38 0.11042461E+38 0.21356785E+38 0.17927401E+37 0.88279622E+34 0.19245954E+34
 0.10920437E+38 0.11008723E+38 0.21289737E+38 0.17684168E+37 0.87602515E+34 0.19215003E+34
 0.10878368E+38 0.10974202E+38 0.21221234E+38 0.17443220E+37 0.86926467E+34 0.19182654E+34
 0.10835707E+38 0.10938909E+38 0.21151299E+38 0.17204550E+37 0.86251539E+34 0.19148916E+34
 0.10792455E+38 0.10902847E+38 0.21079934E+38 0.16968152E+37 0.85577792E+34 0.19113800E+34
 0.10748617E+38 0.10866018E+38 0.21007149E+38 0.16734020E+37 0.84905286E+34 0.19077314E+34
 0.10704197E+38 0.10828429E+38 0.20932953E+38 0.16502147E+37 0.84234077E+34 0.19039468E+34
 0.10659268E+38 0.10790153E+38 0.20857493E+38 0.16272527E+37 0.83564219E+34 0.19000275E+34
 0.10613698E+38 0.10751057E+38 0.20780505E+38 0.16045153E+37 0.82895770E+34 0.18959761E+34
 0.10567562E+38 0.10711218E+38 0.20702140E+38 0.15820018E+37 0.82228792E+34 0.18917908E+34
 0.10520865E+38 0.10670640E+38 0.20622408E+38 0.15597116E+37 0.81563335E+34 0.18874736E+34
 0.10473613E+38 0.10629331E+38 0.20541322E+38 0.15376439E+37 0.80899448E+34 0.18830266E+34
 0.10425812E+38 0.10587297E+38 0.20458896E+38 0.15157980E+37 0.80237183E+34 0.18784510E+34
 0.10377468E+38 0.10544546E+38 0.20375144E+38 0.14941732E+37 0.79576623E+34 0.18737480E+34
 0.10328589E+38 0.10501085E+38 0.20290080E+38 0.14727687E+37 0.78917732E+34 0.18689189E+34
 0.10279182E+38 0.10456922E+38 0.20203719E+38 0.14515838E+37 0.78260643E+34 0.18639650E+34
 0.10229253E+38 0.10412066E+38 0.20116078E+38 0.14306177E+37 0.77605404E+34 0.18588870E+34
 0.10178810E+38 0.10366524E+38 0.20027172E+38 0.14098697E+37 0.76951991E+34 0.18536860E+34
 0.10127862E+38 0.10320307E+38 0.19937019E+38 0.13893388E+37 0.76300502E+34 0.18483649E+34
 0.10076415E+38 0.10273424E+38 0.19845636E+38 0.13690244E+37 0.75650977E+34 0.18429257E+34
 0.10024480E+38 0.10225884E+38 0.19753042E+38 0.13489257E+37 0.75003459E+34 0.18373694E+34
 0.99720635E+37 0.10177697E+38 0.19659255E+38 0.13290416E+37 0.74358098E+34 0.18316714E+34
 0.99191752E+37 0.10128873E+38 0.19564295E+38 0.13093715E+37 0.73714605E+34 0.18259051E+34
 0.98658244E+37 0.10079424E+38 0.19468182E+38 0.12899144E+37 0.73073472E+34 0.18199808E+34
 0.98120206E+37 0.10029361E+38 0.19370937E+38 0.12706695E+37 0.72434287E+34 0.18139897E+34
 0.97577723E+37 0.99786926E+37 0.19272579E+38 0.12516359E+37 0.71797438E+34 0.18078664E+34
 0.97030905E+37 0.99274327E+37 0.19173132E+38 0.12328127E+37 0.71162825E+34 0.18016349E+34
 0.96479848E+37 0.98755926E+37 0.19072617E+38 0.12141989E+37 0.70530556E+34 0.17953293E+34
 0.95924657E+37 0.98231847E+37 0.18971057E+38 0.11957937E+37 0.69900539E+34 0.17888501E+34
 0.95365432E+37 0.97702206E+37 0.18868473E+38 0.11775961E+37 0.69272912E+34 0.17823063E+34
 0.94802286E+37 0.97167137E+37 0.18764892E+38 0.11596051E+37 0.68647694E+34 0.17756591E+34
 0.94235328E+37 0.96626771E+37 0.18660337E+38 0.11418197E+37 0.68024907E+34 0.17689067E+34
 0.93664667E+37 0.96081235E+37 0.18554832E+38 0.11242391E+37 0.67404602E+34 0.17620572E+34
 0.93090441E+37 0.95530692E+37 0.18448407E+38 0.11068620E+37 0.66786758E+34 0.17551190E+34
 0.92512714E+37 0.94975224E+37 0.18341077E+38 0.10896877E+37 0.66171472E+34 0.17480811E+34
 0.91931645E+37 0.94415021E+37 0.18232877E+38 0.10727150E+37 0.65558749E+34 0.17409503E+34
 0.91347312E+37 0.93850170E+37 0.18123824E+38 0.10559428E+37 0.64948622E+34 0.17337284E+34
 0.90759861E+37 0.93280848E+37 0.18013950E+38 0.10393702E+37 0.64341108E+34 0.17264172E+34
 0.90169401E+37 0.92707186E+37 0.17903280E+38 0.10229961E+37 0.63736272E+34 0.17190185E+34
 0.89576065E+37 0.92129343E+37 0.17791843E+38 0.10068193E+37 0.63134111E+34 0.17115341E+34
 0.88979972E+37 0.91547461E+37 0.17679665E+38 0.99083879E+36 0.62534651E+34 0.17039655E+34
 0.88381243E+37 0.90961688E+37 0.17566773E+38 0.97505343E+36 0.61937922E+34 0.16963152E+34
 0.87780006E+37 0.90372175E+37 0.17453196E+38 0.95946209E+36 0.61343959E+34 0.16885846E+34
 0.87176385E+37 0.89779073E+37 0.17338961E+38 0.94406364E+36 0.60752782E+34 0.16807756E+34
 0.86570492E+37 0.89182519E+37 0.17224093E+38 0.92885693E+36 0.60164426E+34 0.16728901E+34
 0.85962489E+37 0.88582699E+37 0.17108629E+38 0.91384077E+36 0.59578875E+34 0.16649299E+34
 0.85352451E+37 0.87979707E+37 0.16992583E+38 0.89901399E+36 0.58996206E+34 0.16568971E+34
 0.84740561E+37 0.87373772E+37 0.16875998E+38 0.88437539E+36 0.58416418E+34 0.16487930E+34
 0.84125892E+37 0.86763644E+37 0.16758660E+38 0.86992376E+36 0.57839527E+34 0.16406201E+34
 0.83510641E+37 0.86152232E+37 0.16641073E+38 0.85565788E+36 0.57265559E+34 0.16323799E+34
 0.82893824E+37 0.85538224E+37 0.16523012E+38 0.84157511E+36 0.56694533E+34 0.16240744E+34
 0.82275715E+37 0.84921934E+37 0.16404535E+38 0.82767702E+36 0.56126469E+34 0.16157054E+34
 0.81656367E+37 0.84303438E+37 0.16285655E+38 0.81396093E+36 0.55561389E+34 0.16072748E+34
 0.81035911E+37 0.83682894E+37 0.16166401E+38 0.80042557E+36 0.54999309E+34 0.15987844E+34
 0.80414468E+37 0.83060449E+37 0.16046800E+38 0.78706964E+36 0.54440246E+34 0.15902361E+34
 0.79792197E+37 0.82436262E+37 0.15926880E+38 0.77389186E+36 0.53884221E+34 0.15816317E+34
 0.79169141E+37 0.81810483E+37 0.15806677E+38 0.76089091E+36 0.53331247E+34 0.15729733E+34
 0.78545510E+37 0.81183271E+37 0.15686209E+38 0.74806546E+36 0.52781341E+34 0.15642624E+34
 0.77921420E+37 0.80554802E+37 0.15565513E+38 0.73541419E+36 0.52234519E+34 0.15555009E+34
 0.77296946E+37 0.79925157E+37 0.15444605E+38 0.72293576E+36 0.51690794E+34 0.15466908E+34
 0.76673397E+37 0.79296067E+37 0.15323788E+38 0.71062880E+36 0.51150184E+34 0.15378338E+34
 0.76048564E+37 0.78664578E+37 0.15202547E+38 0.69849195E+36 0.50612703E+34 0.15289318E+34
 0.75423733E+37 0.78032387E+37 0.15081181E+38 0.68652385E+36 0.50078366E+34 0.15199865E+34
 0.74799097E+37 0.77399728E+37 0.14959735E+38 0.67472309E+36 0.49547185E+34 0.15109998E+34
 0.74174633E+37 0.76766571E+37 0.14838199E+38 0.66308830E+36 0.49019171E+34 0.15019734E+34
 0.73550518E+37 0.76133139E+37 0.14716617E+38 0.65161806E+36 0.48494335E+34 0.14929091E+34
 0.72926877E+37 0.75499578E+37 0.14595016E+38 0.64031098E+36 0.47972693E+34 0.14838087E+34
 0.72303817E+37 0.74866021E+37 0.14473419E+38 0.62916561E+36 0.47454252E+34 0.14746739E+34
 0.71681459E+37 0.74232613E+37 0.14351854E+38 0.61818056E+36 0.46939027E+34 0.14655065E+34
 0.71059897E+37 0.73599467E+37 0.14230342E+38 0.60735436E+36 0.46427026E+34 0.14563082E+34
 0.70439243E+37 0.72966722E+37 0.14108908E+38 0.59668560E+36 0.45918259E+34 0.14470807E+34
 0.69819604E+37 0.72334508E+37 0.13987575E+38 0.58617281E+36 0.45412738E+34 0.14378257E+34
 0.69201098E+37 0.71702948E+37 0.13866369E+38 0.57581883E+36 0.44910471E+34 0.14285449E+34
 0.68583797E+37 0.71072168E+37 0.13745310E+38 0.56561355E+36 0.44411459E+34 0.14192401E+34
 0.67967815E+37 0.70442288E+37 0.13624423E+38 0.55555986E+36 0.43915726E+34 0.14099127E+34
 0.67353250E+37 0.69813427E+37 0.13503728E+38 0.54565630E+36 0.43423275E+34 0.14005646E+34
 0.66740193E+37 0.69185695E+37 0.13383247E+38 0.53590140E+36 0.42934114E+34 0.13911973E+34
 0.66128745E+37 0.68559216E+37 0.13263000E+38 0.52629367E+36 0.42448246E+34 0.13818123E+34
 0.65518989E+37 0.67934089E+37 0.13143009E+38 0.51683163E+36 0.41965684E+34 0.13724115E+34
 0.64911014E+37 0.67310424E+37 0.13023293E+38 0.50751381E+36 0.41486432E+34 0.13629962E+34
 0.64304887E+37 0.66688330E+37 0.12903877E+38 0.49833870E+36 0.41010499E+34 0.13535680E+34
 0.63700746E+37 0.66067888E+37 0.12784762E+38 0.48930482E+36 0.40537890E+34 0.13441286E+34
 0.63098628E+37 0.65449233E+37 0.12665987E+38 0.48041068E+36 0.40068613E+34 0.13346793E+34
 0.62498566E+37 0.64832450E+37 0.12547570E+38 0.47165478E+36 0.39602677E+34 0.13252218E+34
 0.61899889E+37 0.64216384E+37 0.12429292E+38 0.46303563E+36 0.39140075E+34 0.13157575E+34
 0.61304380E+37 0.63603666E+37 0.12311622E+38 0.45455173E+36 0.38680823E+34 0.13062879E+34
 0.60711109E+37 0.62992945E+37 0.12194345E+38 0.44620159E+36 0.38224928E+34 0.12968144E+34
 0.60120383E+37 0.62384618E+37 0.12077517E+38 0.43798370E+36 0.37772396E+34 0.12873385E+34
 0.59532037E+37 0.61778489E+37 0.11961081E+38 0.42989658E+36 0.37323213E+34 0.12778615E+34
 0.58946280E+37 0.61174799E+37 0.11845114E+38 0.42193873E+36 0.36877404E+34 0.12683849E+34
 0.58363136E+37 0.60573586E+37 0.11729614E+38 0.41410866E+36 0.36434961E+34 0.12589101E+34
 0.57782643E+37 0.59974882E+37 0.11614579E+38 0.40640488E+36 0.35995904E+34 0.12494383E+34
 0.57204904E+37 0.59378829E+37 0.11500040E+38 0.39882590E+36 0.35560219E+34 0.12399709E+34
 0.56629896E+37 0.58785393E+37 0.11386001E+38 0.39137023E+36 0.35127912E+34 0.12305092E+34
 0.56057792E+37 0.58194778E+37 0.11272479E+38 0.38403640E+36 0.34698994E+34 0.12210546E+34
 0.55488531E+37 0.57606912E+37 0.11159491E+38 0.37682292E+36 0.34273466E+34 0.12116082E+34
 0.54922225E+37 0.57021941E+37 0.11047036E+38 0.36972832E+36 0.33851326E+34 0.12021713E+34
 0.54358910E+37 0.56439900E+37 0.10935133E+38 0.36275113E+36 0.33432582E+34 0.11927452E+34
 0.53798632E+37 0.55860846E+37 0.10823790E+38 0.35588987E+36 0.33017232E+34 0.11833311E+34
 0.53241431E+37 0.55284829E+37 0.10713019E+38 0.34914311E+36 0.32605274E+34 0.11739301E+34
 0.52687353E+37 0.54711905E+37 0.10602828E+38 0.34250936E+36 0.32196715E+34 0.11645434E+34
 0.52136437E+37 0.54142119E+37 0.10493228E+38 0.33598720E+36 0.31791557E+34 0.11551721E+34
 0.51588720E+37 0.53575521E+37 0.10384228E+38 0.32957516E+36 0.31389797E+34 0.11458174E+34
 0.51044241E+37 0.53012153E+37 0.10275835E+38 0.32327182E+36 0.30991438E+34 0.11364804E+34
 0.50503033E+37 0.52452059E+37 0.10168058E+38 0.31707575E+36 0.30596478E+34 0.11271621E+34
 0.49965129E+37 0.51895278E+37 0.10060905E+38 0.31098551E+36 0.30204918E+34 0.11178636E+34
 0.49430559E+37 0.51341847E+37 0.99543830E+37 0.30499970E+36 0.29816758E+34 0.11085859E+34
 0.48899378E+37 0.50791814E+37 0.98484965E+37 0.29911690E+36 0.29431996E+34 0.10993301E+34
 0.48371550E+37 0.50245190E+37 0.97432613E+37 0.29333572E+36 0.29050631E+34 0.10900972E+34
 0.47847175E+37 0.49702041E+37 0.96386717E+37 0.28765476E+36 0.28672662E+34 0.10808880E+34
 0.47326209E+37 0.49162338E+37 0.95347413E+37 0.28207264E+36 0.28298088E+34 0.10717037E+34
 0.46808726E+37 0.48626165E+37 0.94314715E+37 0.27658797E+36 0.27926906E+34 0.10625450E+34
 0.46294999E+37 0.48093885E+37 0.93289331E+37 0.27119941E+36 0.27559116E+34 0.10534130E+34
 0.45784490E+37 0.47564789E+37 0.92270038E+37 0.26590559E+36 0.27194710E+34 0.10443085E+34
 0.45277532E+37 0.47039294E+37 0.91257508E+37 0.26070807E+36 0.26833686E+34 0.10352323E+34
 0.44774129E+37 0.46517434E+37 0.90251808E+37 0.25559963E+36 0.26476042E+34 0.10261854E+34
 0.44274272E+37 0.45999175E+37 0.89252953E+37 0.25058191E+36 0.26121774E+34 0.10171685E+34
 0.43777968E+37 0.45484555E+37 0.88260994E+37 0.24565360E+36 0.25770877E+34 0.10081825E+34
 0.43285248E+37 0.44973582E+37 0.87275970E+37 0.24081339E+36 0.25423346E+34 0.99922808E+33
 0.42796128E+37 0.44466290E+37 0.86297930E+37 0.23605998E+36 0.25079177E+34 0.99030612E+33
 0.42310721E+37 0.43962838E+37 0.85326623E+37 0.23139208E+36 0.24738362E+34 0.98141732E+33
 0.41828952E+37 0.43463117E+37 0.84363270E+37 0.22680843E+36 0.24400898E+34 0.97256241E+33
 0.41350530E+37 0.42966694E+37 0.83406412E+37 0.22230775E+36 0.24066781E+34 0.96374210E+33
 0.40876201E+37 0.42474201E+37 0.82455410E+37 0.21788878E+36 0.23735997E+34 0.95495708E+33
 0.40404879E+37 0.41985494E+37 0.81512813E+37 0.21355030E+36 0.23408542E+34 0.94620802E+33
 0.39937522E+37 0.41500499E+37 0.80577049E+37 0.20929106E+36 0.23084410E+34 0.93749556E+33
 0.39473838E+37 0.41019282E+37 0.79648333E+37 0.20510986E+36 0.22763590E+34 0.92882034E+33
 0.39013793E+37 0.40541797E+37 0.78726796E+37 0.20100547E+36 0.22446077E+34 0.92018298E+33
 0.38557434E+37 0.40067817E+37 0.77812662E+37 0.19697670E+36 0.22131859E+34 0.91158406E+33
 0.38104743E+37 0.39598178E+37 0.76905102E+37 0.19302237E+36 0.21820929E+34 0.90302417E+33
 0.37655672E+37 0.39131974E+37 0.76005044E+37 0.18914131E+36 0.21513274E+34 0.89450386E+33
 0.37210290E+37 0.38669564E+37 0.75112107E+37 0.18533236E+36 0.21208537E+34 0.88602367E+33
 0.36768566E+37 0.38210932E+37 0.74226353E+37 0.18159437E+36 0.20907414E+34 0.87758412E+33
 0.36330500E+37 0.37756062E+37 0.73347756E+37 0.17792620E+36 0.20609536E+34 0.86918572E+33
 0.35896096E+37 0.37304964E+37 0.72476340E+37 0.17432673E+36 0.20314893E+34 0.86082895E+33
 0.35465358E+37 0.36857634E+37 0.71612087E+37 0.17079484E+36 0.20023472E+34 0.85251429E+33
 0.35038261E+37 0.36414079E+37 0.70755045E+37 0.16732945E+36 0.19735260E+34 0.84424218E+33
 0.34614806E+37 0.35974268E+37 0.69905126E+37 0.16392947E+36 0.19450247E+34 0.83601307E+33
 0.34195014E+37 0.35538237E+37 0.69062372E+37 0.16059381E+36 0.19168418E+34 0.82782737E+33
 0.33778839E+37 0.35105937E+37 0.68226807E+37 0.15732142E+36 0.18889760E+34 0.81968548E+33
 0.33366310E+37 0.34677401E+37 0.67398420E+37 0.15411126E+36 0.18614259E+34 0.81158780E+33
 0.32957406E+37 0.34252607E+37 0.66577099E+37 0.15096227E+36 0.18341900E+34 0.80353470E+33
 0.32552121E+37 0.33831553E+37 0.65762957E+37 0.14787345E+36 0.18072670E+34 0.79552653E+33
 0.32150459E+37 0.33414241E+37 0.64955917E+37 0.14484377E+36 0.17806553E+34 0.78756363E+33
 0.31752381E+37 0.33000623E+37 0.64156010E+37 0.14187224E+36 0.17543534E+34 0.77964632E+33
 0.31357909E+37 0.32590737E+37 0.63363189E+37 0.13895788E+36 0.17283596E+34 0.77177493E+33
 0.30967024E+37 0.32184559E+37 0.62577453E+37 0.13609970E+36 0.17026724E+34 0.76394974E+33
 0.30579716E+37 0.31782078E+37 0.61798805E+37 0.13329676E+36 0.16772901E+34 0.75617103E+33
 0.30195979E+37 0.31383291E+37 0.61027180E+37 0.13054809E+36 0.16522110E+34 0.74843908E+33
 0.29815791E+37 0.30988172E+37 0.60262609E+37 0.12785277E+36 0.16274333E+34 0.74075413E+33
 0.29439155E+37 0.30596728E+37 0.59505048E+37 0.12520986E+36 0.16029554E+34 0.73311643E+33
 0.29066053E+37 0.30208940E+37 0.58754490E+37 0.12261847E+36 0.15787754E+34 0.72552620E+33
 0.28696474E+37 0.29824798E+37 0.58010912E+37 0.12007768E+36 0.15548914E+34 0.71798365E+33
 0.28330408E+37 0.29444292E+37 0.57274289E+37 0.11758661E+36 0.15313017E+34 0.71048899E+33
 0.27967839E+37 0.29067405E+37 0.56544608E+37 0.11514439E+36 0.15080043E+34 0.70304240E+33
 0.27608757E+37 0.28694128E+37 0.55821840E+37 0.11275015E+36 0.14849973E+34 0.69564406E+33
 0.27253148E+37 0.28324447E+37 0.55105964E+37 0.11040304E+36 0.14622788E+34 0.68829412E+33
 0.26900999E+37 0.27958350E+37 0.54396955E+37 0.10810223E+36 0.14398466E+34 0.68099274E+33
 0.26552296E+37 0.27595821E+37 0.53694790E+37 0.10584688E+36 0.14176990E+34 0.67374006E+33
 0.26207024E+37 0.27236847E+37 0.52999443E+37 0.10363619E+36 0.13958337E+34 0.66653620E+33
 0.25865170E+37 0.26881414E+37 0.52310886E+37 0.10146935E+36 0.13742488E+34 0.65938128E+33
 0.25526717E+37 0.26529505E+37 0.51629095E+37 0.99345561E+35 0.13529422E+34 0.65227540E+33
 0.25191653E+37 0.26181109E+37 0.50954041E+37 0.97264053E+35 0.13319117E+34 0.64521865E+33
 0.24859959E+37 0.25836206E+37 0.50285697E+37 0.95224056E+35 0.13111551E+34 0.63821112E+33
 0.24531622E+37 0.25494783E+37 0.49624033E+37 0.93224879E+35 0.12906704E+34 0.63125289E+33
 0.24206625E+37 0.25156823E+37 0.48969020E+37 0.91265643E+35 0.12704554E+34 0.62434400E+33
 0.23884952E+37 0.24822309E+37 0.48320629E+37 0.89345681E+35 0.12505079E+34 0.61748452E+33
 0.23566587E+37 0.24491226E+37 0.47678827E+37 0.87464272E+35 0.12308255E+34 0.61067448E+33
 0.23251512E+37 0.24163556E+37 0.47043586E+37 0.85620703E+35 0.12114062E+34 0.60391392E+33
 0.22939710E+37 0.23839281E+37 0.46414871E+37 0.83814274E+35 0.11922476E+34 0.59720286E+33
 0.22631165E+37 0.23518385E+37 0.45792652E+37 0.82044296E+35 0.11733475E+34 0.59054131E+33
 0.22325859E+37 0.23200850E+37 0.45176896E+37 0.80310088E+35 0.11547036E+34 0.58392929E+33
 0.22023773E+37 0.22886657E+37 0.44567570E+37 0.78610985E+35 0.11363136E+34 0.57736678E+33
 0.21724891E+37 0.22575789E+37 0.43964638E+37 0.76946327E+35 0.11181752E+34 0.57085377E+33
 0.21429194E+37 0.22268227E+37 0.43368067E+37 0.75315469E+35 0.11002860E+34 0.56439024E+33
 0.21136663E+37 0.21963952E+37 0.42777823E+37 0.73717772E+35 0.10826437E+34 0.55797617E+33
 0.20847281E+37 0.21662945E+37 0.42193871E+37 0.72152612E+35 0.10652461E+34 0.55161152E+33
 0.20561027E+37 0.21365188E+37 0.41616173E+37 0.70619373E+35 0.10480906E+34 0.54529624E+33
 0.20277885E+37 0.21070660E+37 0.41044696E+37 0.69117447E+35 0.10311750E+34 0.53903028E+33
 0.19997833E+37 0.20779344E+37 0.40479403E+37 0.67646239E+35 0.10144969E+34 0.53281359E+33
 0.19720855E+37 0.20491220E+37 0.39920258E+37 0.66205163E+35 0.99805396E+33 0.52664609E+33
 0.19446928E+37 0.20206265E+37 0.39367220E+37 0.64793642E+35 0.98184373E+33 0.52052771E+33
 0.19176034E+37 0.19924461E+37 0.38820253E+37 0.63411110E+35 0.96586385E+33 0.51445838E+33
 0.18908153E+37 0.19645788E+37 0.38279320E+37 0.62057009E+35 0.95011195E+33 0.50843801E+33
 0.18643266E+37 0.19370226E+37 0.37744383E+37 0.60730792E+35 0.93458563E+33 0.50246650E+33
 0.18381352E+37 0.19097753E+37 0.37215402E+37 0.59431919E+35 0.91928250E+33 0.49654376E+33
 0.18122390E+37 0.18828349E+37 0.36692339E+37 0.58159862E+35 0.90420017E+33 0.49066969E+33
 0.17866362E+37 0.18561994E+37 0.36175154E+37 0.56914100E+35 0.88933626E+33 0.48484416E+33
 0.17613245E+37 0.18298667E+37 0.35663809E+37 0.55694121E+35 0.87468837E+33 0.47906707E+33
 0.17363021E+37 0.18038345E+37 0.35158263E+37 0.54499423E+35 0.86025411E+33 0.47333829E+33
 0.17115668E+37 0.17781009E+37 0.34658477E+37 0.53329513E+35 0.84603111E+33 0.46765771E+33
 0.16871165E+37 0.17526637E+37 0.34164409E+37 0.52183904E+35 0.83201698E+33 0.46202518E+33
 0.16629491E+37 0.17275208E+37 0.33676021E+37 0.51062121E+35 0.81820935E+33 0.45644056E+33
 0.16390603E+37 0.17026676E+37 0.33193222E+37 0.49963694E+35 0.80460584E+33 0.45090373E+33
 0.16154526E+37 0.16781067E+37 0.32716069E+37 0.48888164E+35 0.79120410E+33 0.44541452E+33
 0.15921216E+37 0.16538336E+37 0.32244473E+37 0.47835079E+35 0.77800175E+33 0.43997280E+33
 0.15690652E+37 0.16298461E+37 0.31778390E+37 0.46803995E+35 0.76499647E+33 0.43457840E+33
 0.15462811E+37 0.16061420E+37 0.31317781E+37 0.45794475E+35 0.75218589E+33 0.42923118E+33
 0.15237674E+37 0.15827192E+37 0.30862604E+37 0.44806093E+35 0.73956768E+33 0.42393095E+33
 0.15015218E+37 0.15595754E+37 0.30412817E+37 0.43838426E+35 0.72713953E+33 0.41867756E+33
 0.14795423E+37 0.15367084E+37 0.29968377E+37 0.42891063E+35 0.71489912E+33 0.41347084E+33
 0.14578266E+37 0.15141160E+37 0.29529244E+37 0.41963598E+35 0.70284414E+33 0.40831061E+33
 0.14363727E+37 0.14917961E+37 0.29095375E+37 0.41055632E+35 0.69097230E+33 0.40319670E+33
 0.14151784E+37 0.14697463E+37 0.28666728E+37 0.40166776E+35 0.67928132E+33 0.39812892E+33
 0.13942416E+37 0.14479646E+37 0.28243261E+37 0.39296646E+35 0.66776892E+33 0.39310709E+33
 0.13735600E+37 0.14264486E+37 0.27824931E+37 0.38444865E+35 0.65643287E+33 0.38813102E+33
 0.13531317E+37 0.14051961E+37 0.27411697E+37 0.37611063E+35 0.64527090E+33 0.38320052E+33
 0.13329543E+37 0.13842049E+37 0.27003514E+37 0.36794878E+35 0.63428080E+33 0.37831541E+33
 0.13130257E+37 0.13634729E+37 0.26600342E+37 0.35995954E+35 0.62346034E+33 0.37347548E+33
 0.12933439E+37 0.13429977E+37 0.26202139E+37 0.35213941E+35 0.61280733E+33 0.36868055E+33
 0.12739066E+37 0.13227771E+37 0.25808860E+37 0.34448497E+35 0.60231957E+33 0.36393039E+33
 0.12547117E+37 0.13028090E+37 0.25420464E+37 0.33699284E+35 0.59199491E+33 0.35922483E+33
 0.12357571E+37 0.12830911E+37 0.25036908E+37 0.32965974E+35 0.58183119E+33 0.35456365E+33
 0.12170406E+37 0.12636211E+37 0.24658151E+37 0.32248242E+35 0.57182626E+33 0.34994664E+33
 0.11985599E+37 0.12443968E+37 0.24284147E+37 0.31545769E+35 0.56197802E+33 0.34537359E+33
 0.11803132E+37 0.12254161E+37 0.23914857E+37 0.30858246E+35 0.55228434E+33 0.34084431E+33
 0.11622981E+37 0.12066768E+37 0.23550239E+37 0.30185364E+35 0.54274315E+33 0.33635856E+33
 0.11445126E+37 0.11881765E+37 0.23190248E+37 0.29526826E+35 0.53335238E+33 0.33191615E+33
 0.11269545E+37 0.11699132E+37 0.22834844E+37 0.28882336E+35 0.52410998E+33 0.32751685E+33
 0.11096217E+37 0.11518845E+37 0.22483984E+37 0.28251605E+35 0.51501390E+33 0.32316046E+33
 0.10925121E+37 0.11340884E+37 0.22137626E+37 0.27634351E+35 0.50606213E+33 0.31884674E+33
 0.10756236E+37 0.11165226E+37 0.21795729E+37 0.27030296E+35 0.49725268E+33 0.31457549E+33
 0.10589541E+37 0.10991849E+37 0.21458248E+37 0.26439167E+35 0.48858357E+33 0.31034648E+33
 0.10425014E+37 0.10820731E+37 0.21125145E+37 0.25860698E+35 0.48005283E+33 0.30615949E+33
 0.10262634E+37 0.10651852E+37 0.20796376E+37 0.25294627E+35 0.47165853E+33 0.30201430E+33
 0.10102382E+37 0.10485188E+37 0.20471900E+37 0.24740697E+35 0.46339875E+33 0.29791069E+33
 0.99442360E+36 0.10320719E+37 0.20151675E+37 0.24198655E+35 0.45527158E+33 0.29384843E+33
 0.97881752E+36 0.10158423E+37 0.19835661E+37 0.23668257E+35 0.44727513E+33 0.28982730E+33
 0.96341793E+36 0.99982781E+36 0.19523817E+37 0.23149258E+35 0.43940754E+33 0.28584705E+33
 0.94822275E+36 0.98402636E+36 0.19216100E+37 0.22641423E+35 0.43166698E+33 0.28190750E+33
 0.93322996E+36 0.96843580E+36 0.18912471E+37 0.22144518E+35 0.42405163E+33 0.27800840E+33
 0.91843751E+36 0.95305401E+36 0.18612889E+37 0.21658315E+35 0.41655966E+33 0.27414952E+33
 0.90384337E+36 0.93787888E+36 0.18317313E+37 0.21182592E+35 0.40918931E+33 0.27033065E+33
 0.88944553E+36 0.92290830E+36 0.18025703E+37 0.20717128E+35 0.40193879E+33 0.26655154E+33
 0.87524197E+36 0.90814021E+36 0.17738018E+37 0.20261709E+35 0.39480638E+33 0.26281197E+33
 0.86123072E+36 0.89357251E+36 0.17454220E+37 0.19816125E+35 0.38779035E+33 0.25911172E+33
 0.84740976E+36 0.87920312E+36 0.17174267E+37 0.19380170E+35 0.38088898E+33 0.25545055E+33
 0.83377712E+36 0.86502999E+36 0.16898121E+37 0.18953640E+35 0.37410060E+33 0.25182824E+33
 0.82033084E+36 0.85105107E+36 0.16625742E+37 0.18536339E+35 0.36742355E+33 0.24824455E+33
 0.80706895E+36 0.83726432E+36 0.16357090E+37 0.18128071E+35 0.36085616E+33 0.24469927E+33
 0.79398952E+36 0.82366771E+36 0.16092128E+37 0.17728647E+35 0.35439683E+33 0.24119215E+33
 0.78109060E+36 0.81025922E+36 0.15830815E+37 0.17337879E+35 0.34804395E+33 0.23772297E+33
 0.76837028E+36 0.79703685E+36 0.15573113E+37 0.16955587E+35 0.34179592E+33 0.23429151E+33
 0.75582664E+36 0.78399862E+36 0.15318985E+37 0.16581589E+35 0.33565120E+33 0.23089752E+33
 0.74345777E+36 0.77114251E+36 0.15068391E+37 0.16215711E+35 0.32960822E+33 0.22754079E+33
 0.73126181E+36 0.75846661E+36 0.14821295E+37 0.15857782E+35 0.32366546E+33 0.22422108E+33
 0.71923686E+36 0.74596891E+36 0.14577658E+37 0.15507632E+35 0.31782142E+33 0.22093817E+33
 0.70738105E+36 0.73364747E+36 0.14337443E+37 0.15165097E+35 0.31207460E+33 0.21769181E+33
 0.69569253E+36 0.72150037E+36 0.14100612E+37 0.14830014E+35 0.30642354E+33 0.21448180E+33
 0.68416947E+36 0.70952567E+36 0.13867128E+37 0.14502227E+35 0.30086680E+33 0.21130789E+33
 0.67281003E+36 0.69772148E+36 0.13636956E+37 0.14181579E+35 0.29540293E+33 0.20816986E+33
 0.66161239E+36 0.68608590E+36 0.13410057E+37 0.13867919E+35 0.29003054E+33 0.20506748E+33
 0.65057475E+36 0.67461704E+36 0.13186397E+37 0.13561098E+35 0.28474822E+33 0.20200052E+33
 0.63969532E+36 0.66331303E+36 0.12965938E+37 0.13260971E+35 0.27955460E+33 0.19896875E+33
 0.62897232E+36 0.65217201E+36 0.12748646E+37 0.12967393E+35 0.27444832E+33 0.19597194E+33
 0.61840398E+36 0.64119214E+36 0.12534484E+37 0.12680226E+35 0.26942806E+33 0.19300987E+33
 0.60798855E+36 0.63037158E+36 0.12323417E+37 0.12399333E+35 0.26449248E+33 0.19008230E+33
 0.59772428E+36 0.61970851E+36 0.12115410E+37 0.12124579E+35 0.25964030E+33 0.18718900E+33
 0.58760944E+36 0.60920113E+36 0.11910428E+37 0.11855833E+35 0.25487022E+33 0.18432975E+33
 0.57764229E+36 0.59884760E+36 0.11708437E+37 0.11592966E+35 0.25018097E+33 0.18150432E+33
 0.56782118E+36 0.58864623E+36 0.11509402E+37 0.11335853E+35 0.24557133E+33 0.17871247E+33
 0.55814439E+36 0.57859520E+36 0.11313289E+37 0.11084370E+35 0.24104004E+33 0.17595399E+33
 0.54861024E+36 0.56869275E+36 0.11120065E+37 0.10838396E+35 0.23658590E+33 0.17322863E+33
 0.53921706E+36 0.55893716E+36 0.10929695E+37 0.10597812E+35 0.23220771E+33 0.17053618E+33
 0.52996320E+36 0.54932668E+36 0.10742147E+37 0.10362504E+35 0.22790429E+33 0.16787639E+33
 0.52084703E+36 0.53985961E+36 0.10557387E+37 0.10132357E+35 0.22367448E+33 0.16524905E+33
 0.51186690E+36 0.53053424E+36 0.10375383E+37 0.99072606E+34 0.21951713E+33 0.16265392E+33
 0.50302121E+36 0.52134889E+36 0.10196101E+37 0.96871057E+34 0.21543112E+33 0.16009078E+33
 0.49430835E+36 0.51230187E+36 0.10019510E+37 0.94717860E+34 0.21141532E+33 0.15755938E+33
 0.48572674E+36 0.50339153E+36 0.98455772E+36 0.92611970E+34 0.20746863E+33 0.15505950E+33
 0.47727479E+36 0.49461621E+36 0.96742708E+36 0.90552368E+34 0.20358998E+33 0.15259093E+33
 0.46895094E+36 0.48597429E+36 0.95055594E+36 0.88538053E+34 0.19977831E+33 0.15015341E+33
 0.46075363E+36 0.47746413E+36 0.93394116E+36 0.86568048E+34 0.19603254E+33 0.14774673E+33
 0.45268134E+36 0.46908414E+36 0.91757962E+36 0.84641395E+34 0.19235166E+33 0.14537065E+33
 0.44473253E+36 0.46083270E+36 0.90146825E+36 0.82757154E+34 0.18873463E+33 0.14302493E+33
 0.43690568E+36 0.45270824E+36 0.88560397E+36 0.80914409E+34 0.18518045E+33 0.14070936E+33
 0.42919929E+36 0.44470919E+36 0.86998377E+36 0.79112260E+34 0.18168813E+33 0.13842369E+33
 0.42161189E+36 0.43683400E+36 0.85460462E+36 0.77349828E+34 0.17825669E+33 0.13616770E+33
 0.41414197E+36 0.42908110E+36 0.83946353E+36 0.75626252E+34 0.17488516E+33 0.13394115E+33
 0.40678809E+36 0.42144899E+36 0.82455756E+36 0.73940687E+34 0.17157259E+33 0.13174381E+33
 0.39954880E+36 0.41393612E+36 0.80988376E+36 0.72292310E+34 0.16831805E+33 0.12957544E+33
 0.39242264E+36 0.40654101E+36 0.79543922E+36 0.70680312E+34 0.16512062E+33 0.12743582E+33
 0.38540819E+36 0.39926216E+36 0.78122104E+36 0.69103903E+34 0.16197938E+33 0.12532472E+33
 0.37850403E+36 0.39209808E+36 0.76722638E+36 0.67562308E+34 0.15889344E+33 0.12324188E+33
 0.37170877E+36 0.38504731E+36 0.75345238E+36 0.66054771E+34 0.15586191E+33 0.12118709E+33
 0.36502102E+36 0.37810840E+36 0.73989624E+36 0.64580550E+34 0.15288392E+33 0.11916011E+33
 0.35843938E+36 0.37127990E+36 0.72655516E+36 0.63138919E+34 0.14995863E+33 0.11716071E+33
 0.35196249E+36 0.36456039E+36 0.71342638E+36 0.61729168E+34 0.14708517E+33 0.11518864E+33
 0.34558901E+36 0.35794844E+36 0.70050715E+36 0.60350602E+34 0.14426272E+33 0.11324368E+33
 0.33931758E+36 0.35144266E+36 0.68779476E+36 0.59002542E+34 0.14149046E+33 0.11132558E+33
 0.33314688E+36 0.34504165E+36 0.67528650E+36 0.57684320E+34 0.13876758E+33 0.10943412E+33
 0.32707558E+36 0.33874403E+36 0.66297972E+36 0.56395287E+34 0.13609328E+33 0.10756905E+33
 0.32110238E+36 0.33254844E+36 0.65087176E+36 0.55134803E+34 0.13346677E+33 0.10573014E+33
 0.31522598E+36 0.32645353E+36 0.63896001E+36 0.53902246E+34 0.13088729E+33 0.10391716E+33
 0.30944510E+36 0.32045794E+36 0.62724184E+36 0.52697005E+34 0.12835407E+33 0.10212986E+33
 0.30375846E+36 0.31456035E+36 0.61571470E+36 0.51518481E+34 0.12586636E+33 0.10036802E+33
 0.29816481E+36 0.30875945E+36 0.60437604E+36 0.50366092E+34 0.12342341E+33 0.98631385E+32
 0.29266289E+36 0.30305393E+36 0.59322330E+36 0.49239263E+34 0.12102450E+33 0.96919728E+32
 0.28725147E+36 0.29744249E+36 0.58225401E+36 0.48137436E+34 0.11866892E+33 0.95232810E+32
 0.28192932E+36 0.29192386E+36 0.57146566E+36 0.47060063E+34 0.11635594E+33 0.93570393E+32
 0.27669523E+36 0.28649677E+36 0.56085581E+36 0.46006607E+34 0.11408488E+33 0.91932240E+32
 0.27154799E+36 0.28115996E+36 0.55042201E+36 0.44976545E+34 0.11185504E+33 0.90318113E+32
 0.26648641E+36 0.27591218E+36 0.54016185E+36 0.43969362E+34 0.10966575E+33 0.88727775E+32
 0.26150931E+36 0.27075221E+36 0.53007293E+36 0.42984556E+34 0.10751635E+33 0.87160988E+32
 0.25661553E+36 0.26567881E+36 0.52015290E+36 0.42021637E+34 0.10540616E+33 0.85617514E+32
 0.25180390E+36 0.26069080E+36 0.51039940E+36 0.41080123E+34 0.10333455E+33 0.84097117E+32
 0.24707328E+36 0.25578695E+36 0.50081011E+36 0.40159544E+34 0.10130087E+33 0.82599558E+32
 0.24242253E+36 0.25096610E+36 0.49138272E+36 0.39259440E+34 0.99304506E+32 0.81124602E+32
 0.23785053E+36 0.24622707E+36 0.48211498E+36 0.38379360E+34 0.97344824E+32 0.79672010E+32
 0.23335617E+36 0.24156870E+36 0.47300460E+36 0.37518865E+34 0.95421217E+32 0.78241547E+32
 0.22893834E+36 0.23698983E+36 0.46404938E+36 0.36677522E+34 0.93533085E+32 0.76832975E+32
 0.22459595E+36 0.23248933E+36 0.45524708E+36 0.35854910E+34 0.91679833E+32 0.75446058E+32
 0.22032792E+36 0.22806607E+36 0.44659553E+36 0.35050617E+34 0.89860879E+32 0.74080561E+32
 0.21613319E+36 0.22371893E+36 0.43809255E+36 0.34264239E+34 0.88075645E+32 0.72736248E+32
 0.21201069E+36 0.21944682E+36 0.42973601E+36 0.33495381E+34 0.86323566E+32 0.71412884E+32
 0.20795938E+36 0.21524864E+36 0.42152377E+36 0.32743656E+34 0.84604083E+32 0.70110234E+32
 0.20397822E+36 0.21112330E+36 0.41345375E+36 0.32008688E+34 0.82916646E+32 0.68828064E+32
 0.20006619E+36 0.20706975E+36 0.40552385E+36 0.31290105E+34 0.81260712E+32 0.67566140E+32
 0.19622226E+36 0.20308691E+36 0.39773203E+36 0.30587547E+34 0.79635747E+32 0.66324230E+32
 0.19244544E+36 0.19917375E+36 0.39007624E+36 0.29900660E+34 0.78041226E+32 0.65102100E+32
 0.18873474E+36 0.19532923E+36 0.38255448E+36 0.29229097E+34 0.76476630E+32 0.63899519E+32
 0.18508916E+36 0.19155231E+36 0.37516474E+36 0.28572520E+34 0.74941448E+32 0.62716256E+32
 0.18150774E+36 0.18784200E+36 0.36790506E+36 0.27930598E+34 0.73435179E+32 0.61552081E+32
 0.17798952E+36 0.18419728E+36 0.36077350E+36 0.27303006E+34 0.71957326E+32 0.60406763E+32
 0.17453354E+36 0.18061717E+36 0.35376811E+36 0.26689428E+34 0.70507401E+32 0.59280074E+32
 0.17113886E+36 0.17710069E+36 0.34688700E+36 0.26089554E+34 0.69084925E+32 0.58171786E+32
 0.16780456E+36 0.17364685E+36 0.34012827E+36 0.25503080E+34 0.67689424E+32 0.57081672E+32
 0.16452971E+36 0.17025472E+36 0.33349007E+36 0.24929710E+34 0.66320432E+32 0.56009505E+32
 0.16131340E+36 0.16692333E+36 0.32697054E+36 0.24369154E+34 0.64977489E+32 0.54955061E+32
 0.15815473E+36 0.16365176E+36 0.32056786E+36 0.23821127E+34 0.63660144E+32 0.53918114E+32
 0.15505282E+36 0.16043907E+36 0.31428024E+36 0.23285353E+34 0.62367952E+32 0.52898443E+32
 0.15200678E+36 0.15728436E+36 0.30810588E+36 0.22761559E+34 0.61100474E+32 0.51895825E+32
 0.14901575E+36 0.15418671E+36 0.30204303E+36 0.22249480E+34 0.59857277E+32 0.50910039E+32
 0.14607886E+36 0.15114523E+36 0.29608994E+36 0.21748857E+34 0.58637938E+32 0.49940865E+32
 0.14319527E+36 0.14815904E+36 0.29024490E+36 0.21259434E+34 0.57442038E+32 0.48988084E+32
 0.14036414E+36 0.14522726E+36 0.28450621E+36 0.20780964E+34 0.56269163E+32 0.48051480E+32
 0.13758464E+36 0.14234903E+36 0.27887216E+36 0.20313204E+34 0.55118909E+32 0.47130836E+32
 0.13485595E+36 0.13952351E+36 0.27334113E+36 0.19855915E+34 0.53990876E+32 0.46225937E+32
 0.13217726E+36 0.13674984E+36 0.26791146E+36 0.19408865E+34 0.52884670E+32 0.45336570E+32
 0.12954778E+36 0.13402720E+36 0.26258153E+36 0.18971827E+34 0.51799904E+32 0.44462522E+32
 0.12696671E+36 0.13135476E+36 0.25734974E+36 0.18544579E+34 0.50736197E+32 0.43603584E+32
 0.12443327E+36 0.12873172E+36 0.25221452E+36 0.18126902E+34 0.49693173E+32 0.42759545E+32
 0.12194670E+36 0.12615727E+36 0.24717429E+36 0.17718584E+34 0.48670462E+32 0.41930197E+32
 0.11950623E+36 0.12363062E+36 0.24222752E+36 0.17319416E+34 0.47667702E+32 0.41115335E+32
 0.11711111E+36 0.12115099E+36 0.23737268E+36 0.16929196E+34 0.46684534E+32 0.40314753E+32
 0.11476060E+36 0.11871761E+36 0.23260827E+36 0.16547725E+34 0.45720606E+32 0.39528248E+32
 0.11245397E+36 0.11632972E+36 0.22793280E+36 0.16174806E+34 0.44775571E+32 0.38755619E+32
 0.11019049E+36 0.11398657E+36 0.22334482E+36 0.15810251E+34 0.43849087E+32 0.37996664E+32
 0.10796945E+36 0.11168741E+36 0.21884287E+36 0.15453873E+34 0.42940819E+32 0.37251186E+32
 0.10579015E+36 0.10943151E+36 0.21442553E+36 0.15105489E+34 0.42050437E+32 0.36518987E+32
 0.10365189E+36 0.10721815E+36 0.21009138E+36 0.14764922E+34 0.41177614E+32 0.35799872E+32
 0.10155399E+36 0.10504662E+36 0.20583904E+36 0.14431998E+34 0.40322031E+32 0.35093648E+32
 0.99495770E+35 0.10291621E+36 0.20166713E+36 0.14106546E+34 0.39483374E+32 0.34400122E+32
 0.97476559E+35 0.10082623E+36 0.19757430E+36 0.13788400E+34 0.38661332E+32 0.33719105E+32
 0.95495701E+35 0.98775996E+35 0.19355922E+36 0.13477396E+34 0.37855600E+32 0.33050406E+32
 0.93552545E+35 0.96764833E+35 0.18962056E+36 0.13173376E+34 0.37065878E+32 0.32393841E+32
 0.91646450E+35 0.94792073E+35 0.18575702E+36 0.12876184E+34 0.36291873E+32 0.31749224E+32
 0.89776785E+35 0.92857061E+35 0.18196734E+36 0.12585667E+34 0.35533292E+32 0.31116371E+32
 0.87942925E+35 0.90959148E+35 0.17825023E+36 0.12301676E+34 0.34789852E+32 0.30495101E+32
 0.86144255E+35 0.89097695E+35 0.17460445E+36 0.12024066E+34 0.34061270E+32 0.29885235E+32
 0.84380168E+35 0.87272073E+35 0.17102878E+36 0.11752695E+34 0.33347272E+32 0.29286595E+32
 0.82650068E+35 0.85481660E+35 0.16752200E+36 0.11487422E+34 0.32647585E+32 0.28699003E+32
 0.80953363E+35 0.83725844E+35 0.16408291E+36 0.11228112E+34 0.31961942E+32 0.28122288E+32
 0.79289473E+35 0.82004022E+35 0.16071034E+36 0.10974632E+34 0.31290081E+32 0.27556275E+32
 0.77657825E+35 0.80315599E+35 0.15740313E+36 0.10726851E+34 0.30631743E+32 0.27000794E+32
 0.76057854E+35 0.78659989E+35 0.15416012E+36 0.10484642E+34 0.29986675E+32 0.26455678E+32
 0.74489004E+35 0.77036614E+35 0.15098020E+36 0.10247880E+34 0.29354627E+32 0.25920758E+32
 0.72950726E+35 0.75444905E+35 0.14786225E+36 0.10016444E+34 0.28735352E+32 0.25395870E+32
 0.71442479E+35 0.73884300E+35 0.14480517E+36 0.97902144E+33 0.28128610E+32 0.24880851E+32
 0.69963731E+35 0.72354247E+35 0.14180789E+36 0.95690746E+33 0.27534164E+32 0.24375540E+32
 0.68513958E+35 0.70854202E+35 0.13886933E+36 0.93529111E+33 0.26951780E+32 0.23879778E+32
 0.67092642E+35 0.69383628E+35 0.13598847E+36 0.91416123E+33 0.26381229E+32 0.23393406E+32
 0.65699274E+35 0.67941997E+35 0.13316425E+36 0.89350694E+33 0.25822285E+32 0.22916270E+32
 0.64333352E+35 0.66528789E+35 0.13039566E+36 0.87331760E+33 0.25274727E+32 0.22448215E+32
 0.62994383E+35 0.65143490E+35 0.12768171E+36 0.85358280E+33 0.24738338E+32 0.21989091E+32
 0.61681880E+35 0.63785597E+35 0.12502141E+36 0.83429235E+33 0.24212902E+32 0.21538746E+32
 0.60395364E+35 0.62454612E+35 0.12241377E+36 0.81543632E+33 0.23698211E+32 0.21097033E+32
 0.59134364E+35 0.61150046E+35 0.11985786E+36 0.79700495E+33 0.23194056E+32 0.20663806E+32
 0.57898419E+35 0.59871422E+35 0.11735274E+36 0.77898875E+33 0.22700236E+32 0.20238920E+32
 0.56687063E+35 0.58618257E+35 0.11489745E+36 0.76137841E+33 0.22216551E+32 0.19822233E+32
 0.55499850E+35 0.57390088E+35 0.11249111E+36 0.74416482E+33 0.21742804E+32 0.19413604E+32
 0.54336338E+35 0.56186456E+35 0.11013280E+36 0.72733911E+33 0.21278803E+32 0.19012894E+32
 0.53196090E+35 0.55006909E+35 0.10782165E+36 0.71089256E+33 0.20824359E+32 0.18619967E+32
 0.52078676E+35 0.53851001E+35 0.10555678E+36 0.69481669E+33 0.20379286E+32 0.18234687E+32
 0.50983676E+35 0.52718295E+35 0.10333735E+36 0.67910317E+33 0.19943401E+32 0.17856921E+32
 0.49910672E+35 0.51608359E+35 0.10116250E+36 0.66374387E+33 0.19516524E+32 0.17486538E+32
 0.48859256E+35 0.50520771E+35 0.99031403E+35 0.64873086E+33 0.19098481E+32 0.17123408E+32
 0.47829025E+35 0.49455112E+35 0.96943251E+35 0.63405636E+33 0.18689097E+32 0.16767403E+32
 0.46819584E+35 0.48410972E+35 0.94897238E+35 0.61971276E+33 0.18288203E+32 0.16418397E+32
 0.45830543E+35 0.47387947E+35 0.92892575E+35 0.60569266E+33 0.17895631E+32 0.16076265E+32
 0.44861519E+35 0.46385641E+35 0.90928484E+35 0.59198877E+33 0.17511219E+32 0.15740887E+32
 0.43912135E+35 0.45403663E+35 0.89004203E+35 0.57859401E+33 0.17134805E+32 0.15412140E+32
 0.42982021E+35 0.44441628E+35 0.87118979E+35 0.56550143E+33 0.16766230E+32 0.15089905E+32
 0.42070812E+35 0.43499159E+35 0.85272073E+35 0.55270425E+33 0.16405340E+32 0.14774066E+32
 0.41178148E+35 0.42575884E+35 0.83462758E+35 0.54019582E+33 0.16051983E+32 0.14464507E+32
 0.40303679E+35 0.41671440E+35 0.81690323E+35 0.52796966E+33 0.15706008E+32 0.14161113E+32
 0.39447058E+35 0.40785465E+35 0.79954064E+35 0.51601943E+33 0.15367270E+32 0.13863774E+32
 0.38607943E+35 0.39917608E+35 0.78253289E+35 0.50433893E+33 0.15035623E+32 0.13572378E+32
 0.37786001E+35 0.39067522E+35 0.76587319E+35 0.49292209E+33 0.14710926E+32 0.13286816E+32
 0.36980901E+35 0.38234864E+35 0.74955489E+35 0.48176300E+33 0.14393041E+32 0.13006983E+32
 0.36192320E+35 0.37419300E+35 0.73357140E+35 0.47085584E+33 0.14081831E+32 0.12732771E+32
 0.35419940E+35 0.36620501E+35 0.71791629E+35 0.46019496E+33 0.13777162E+32 0.12464078E+32
 0.34663448E+35 0.35838142E+35 0.70258321E+35 0.44977482E+33 0.13478903E+32 0.12200801E+32
 0.33922537E+35 0.35071905E+35 0.68756594E+35 0.43959001E+33 0.13186925E+32 0.11942839E+32
 0.33196905E+35 0.34321477E+35 0.67285836E+35 0.42963522E+33 0.12901101E+32 0.11690094E+32
 0.32486255E+35 0.33586551E+35 0.65845445E+35 0.41990529E+33 0.12621308E+32 0.11442468E+32
 0.31790296E+35 0.32866826E+35 0.64434830E+35 0.41039516E+33 0.12347423E+32 0.11199864E+32
 0.31108741E+35 0.32162003E+35 0.63053411E+35 0.40109987E+33 0.12079327E+32 0.10962190E+32
 0.30441309E+35 0.31471793E+35 0.61700617E+35 0.39201460E+33 0.11816903E+32 0.10729351E+32
 0.29787723E+35 0.30795908E+35 0.60375888E+35 0.38313462E+33 0.11560035E+32 0.10501257E+32
 0.29147712E+35 0.30134068E+35 0.59078673E+35 0.37445530E+33 0.11308612E+32 0.10277817E+32
 0.28521008E+35 0.29485996E+35 0.57808431E+35 0.36597213E+33 0.11062521E+32 0.10058944E+32
 0.27907351E+35 0.28851421E+35 0.56564633E+35 0.35768068E+33 0.10821655E+32 0.98445498E+31
 0.27306483E+35 0.28230076E+35 0.55346755E+35 0.34957665E+33 0.10585907E+32 0.96345495E+31
 0.26718150E+35 0.27621699E+35 0.54154286E+35 0.34165581E+33 0.10355171E+32 0.94288590E+31
 0.26142105E+35 0.27026035E+35 0.52986723E+35 0.33391403E+33 0.10129347E+32 0.92273955E+31
 0.25578104E+35 0.26442830E+35 0.51843571E+35 0.32634728E+33 0.99083329E+31 0.90300778E+31
 0.25025908E+35 0.25871837E+35 0.50724346E+35 0.31895162E+33 0.96920302E+31 0.88368260E+31
 0.24485282E+35 0.25312812E+35 0.49628572E+35 0.31172319E+33 0.94803424E+31 0.86475615E+31
 0.23955994E+35 0.24765517E+35 0.48555780E+35 0.30465822E+33 0.92731744E+31 0.84622072E+31
 0.23437820E+35 0.24229717E+35 0.47505512E+35 0.29775302E+33 0.90704333E+31 0.82806872E+31
 0.22930536E+35 0.23705182E+35 0.46477318E+35 0.29100401E+33 0.88720278E+31 0.81029268E+31
 0.22433924E+35 0.23191686E+35 0.45470754E+35 0.28440764E+33 0.86778685E+31 0.79288529E+31
 0.21947770E+35 0.22689008E+35 0.44485387E+35 0.27796049E+33 0.84878675E+31 0.77583933E+31
 0.21471863E+35 0.22196930E+35 0.43520791E+35 0.27165919E+33 0.83019390E+31 0.75914774E+31
 0.21005998E+35 0.21715238E+35 0.42576548E+35 0.26550044E+33 0.81199985E+31 0.74280355E+31
 0.20549972E+35 0.21243722E+35 0.41652246E+35 0.25948104E+33 0.79419633E+31 0.72679995E+31
 0.20103586E+35 0.20782178E+35 0.40747483E+35 0.25359783E+33 0.77677524E+31 0.71113021E+31
 0.19666645E+35 0.20330402E+35 0.39861864E+35 0.24784776E+33 0.75972863E+31 0.69578776E+31
 0.19238957E+35 0.19888198E+35 0.38995000E+35 0.24222781E+33 0.74304870E+31 0.68076612E+31
 0.18820336E+35 0.19455370E+35 0.38146512E+35 0.23673504E+33 0.72672783E+31 0.66605892E+31
 0.18410596E+35 0.19031728E+35 0.37316026E+35 0.23136659E+33 0.71075852E+31 0.65165993E+31
 0.18009557E+35 0.18617086E+35 0.36503176E+35 0.22611966E+33 0.69513342E+31 0.63756302E+31
 0.17617042E+35 0.18211258E+35 0.35707601E+35 0.22099149E+33 0.67984536E+31 0.62376216E+31
 0.17232876E+35 0.17814066E+35 0.34928949E+35 0.21597942E+33 0.66488727E+31 0.61025145E+31
 0.16856889E+35 0.17425333E+35 0.34166875E+35 0.21108081E+33 0.65025225E+31 0.59702507E+31
 0.16488913E+35 0.17044885E+35 0.33421040E+35 0.20629310E+33 0.63593353E+31 0.58407734E+31
 0.16128785E+35 0.16672553E+35 0.32691109E+35 0.20161380E+33 0.62192445E+31 0.57140265E+31
 0.15776343E+35 0.16308170E+35 0.31976757E+35 0.19704045E+33 0.60821853E+31 0.55899552E+31
 0.15431429E+35 0.15951573E+35 0.31277664E+35 0.19257066E+33 0.59480938E+31 0.54685055E+31
 0.15093889E+35 0.15602600E+35 0.30593516E+35 0.18820209E+33 0.58169076E+31 0.53496247E+31
 0.14763570E+35 0.15261096E+35 0.29924004E+35 0.18393246E+33 0.56885655E+31 0.52332607E+31
 0.14440324E+35 0.14926905E+35 0.29268827E+35 0.17975953E+33 0.55630074E+31 0.51193626E+31
 0.14124003E+35 0.14599877E+35 0.28627689E+35 0.17568112E+33 0.54401746E+31 0.50078803E+31
 0.13814466E+35 0.14279864E+35 0.28000299E+35 0.17169508E+33 0.53200095E+31 0.48987650E+31
 0.13511571E+35 0.13966720E+35 0.27386372E+35 0.16779934E+33 0.52024557E+31 0.47919682E+31
 0.13215182E+35 0.13660302E+35 0.26785630E+35 0.16399186E+33 0.50874580E+31 0.46874430E+31
 0.12925145E+35 0.13360455E+35 0.26197765E+35 0.16027063E+33 0.49749620E+31 0.45851428E+31
 0.12641363E+35 0.13067075E+35 0.25622576E+35 0.15663371E+33 0.48649148E+31 0.44850223E+31
 0.12363688E+35 0.12780010E+35 0.25059767E+35 0.15307919E+33 0.47572644E+31 0.43870368E+31
 0.12091994E+35 0.12499129E+35 0.24509078E+35 0.14960521E+33 0.46519599E+31 0.42911426E+31
 0.11826155E+35 0.12224303E+35 0.23970258E+35 0.14620995E+33 0.45489514E+31 0.41972967E+31
 0.11566049E+35 0.11955406E+35 0.23443058E+35 0.14289163E+33 0.44481900E+31 0.41054570E+31
 0.11311557E+35 0.11692313E+35 0.22927236E+35 0.13964852E+33 0.43496278E+31 0.40155823E+31
 0.11062561E+35 0.11434903E+35 0.22422554E+35 0.13647890E+33 0.42532180E+31 0.39276321E+31
 0.10818946E+35 0.11183057E+35 0.21928778E+35 0.13338112E+33 0.41589146E+31 0.38415666E+31
 0.10580599E+35 0.10936658E+35 0.21445679E+35 0.13035355E+33 0.40666727E+31 0.37573469E+31
 0.10347409E+35 0.10695591E+35 0.20973033E+35 0.12739461E+33 0.39764482E+31 0.36749348E+31
 0.10119268E+35 0.10459746E+35 0.20510621E+35 0.12450274E+33 0.38881979E+31 0.35942929E+31
 0.98960698E+34 0.10229011E+35 0.20058228E+35 0.12167643E+33 0.38018797E+31 0.35153844E+31
 0.96777103E+34 0.10003279E+35 0.19615641E+35 0.11891418E+33 0.37174520E+31 0.34381733E+31
 0.94640876E+34 0.97824443E+34 0.19182655E+35 0.11621457E+33 0.36348745E+31 0.33626243E+31
 0.92551015E+34 0.95664041E+34 0.18759067E+35 0.11357615E+33 0.35541073E+31 0.32887028E+31
 0.90506542E+34 0.93550568E+34 0.18344679E+35 0.11099756E+33 0.34751116E+31 0.32163749E+31
 0.88506497E+34 0.91483030E+34 0.17939295E+35 0.10847744E+33 0.33978494E+31 0.31456073E+31
 0.86549940E+34 0.89460457E+34 0.17542726E+35 0.10601446E+33 0.33222833E+31 0.30763675E+31
 0.84635950E+34 0.87481894E+34 0.17154784E+35 0.10360733E+33 0.32483770E+31 0.30086233E+31
 0.82763624E+34 0.85546408E+34 0.16775287E+35 0.10125479E+33 0.31760946E+31 0.29423436E+31
 0.80932078E+34 0.83653086E+34 0.16404056E+35 0.98955602E+32 0.31054011E+31 0.28774976E+31
 0.79140446E+34 0.81801030E+34 0.16040914E+35 0.96708557E+32 0.30362624E+31 0.28140553E+31
 0.77387879E+34 0.79989364E+34 0.15685691E+35 0.94512475E+32 0.29686447E+31 0.27519870E+31
 0.75673545E+34 0.78217228E+34 0.15338217E+35 0.92366203E+32 0.29025154E+31 0.26912640E+31
 0.73996632E+34 0.76483779E+34 0.14998327E+35 0.90268612E+32 0.28378423E+31 0.26318579E+31
 0.72356340E+34 0.74788193E+34 0.14665860E+35 0.88218601E+32 0.27745938E+31 0.25737409E+31
 0.70751889E+34 0.73129662E+34 0.14340657E+35 0.86215093E+32 0.27127391E+31 0.25168858E+31
 0.69182514E+34 0.71507395E+34 0.14022564E+35 0.84257034E+32 0.26522482E+31 0.24612660E+31
 0.67647465E+34 0.69920615E+34 0.13711428E+35 0.82343395E+32 0.25930913E+31 0.24068553E+31
 0.66146007E+34 0.68368565E+34 0.13407101E+35 0.80473170E+32 0.25352397E+31 0.23536282E+31
 0.64677423E+34 0.66850501E+34 0.13109437E+35 0.78645375E+32 0.24786650E+31 0.23015596E+31
 0.63241007E+34 0.65365694E+34 0.12818293E+35 0.76859051E+32 0.24233394E+31 0.22506248E+31
 0.61836071E+34 0.63913431E+34 0.12533529E+35 0.75113257E+32 0.23692360E+31 0.22008000E+31
 0.60461938E+34 0.62493015E+34 0.12255009E+35 0.73407075E+32 0.23163280E+31 0.21520614E+31
 0.59117948E+34 0.61103760E+34 0.11982598E+35 0.71739608E+32 0.22645896E+31 0.21043859E+31
 0.57803453E+34 0.59744998E+34 0.11716165E+35 0.70109978E+32 0.22139953E+31 0.20577511E+31
 0.56517819E+34 0.58416073E+34 0.11455583E+35 0.68517330E+32 0.21645202E+31 0.20121345E+31
 0.55260424E+34 0.57116342E+34 0.11200723E+35 0.66960823E+32 0.21161398E+31 0.19675147E+31
 0.54030661E+34 0.55845177E+34 0.10951465E+35 0.65439641E+32 0.20688305E+31 0.19238702E+31
 0.52827934E+34 0.54601962E+34 0.10707686E+35 0.63952982E+32 0.20225687E+31 0.18811803E+31
 0.51651660E+34 0.53386095E+34 0.10469269E+35 0.62500063E+32 0.19773317E+31 0.18394245E+31
 0.50501269E+34 0.52196984E+34 0.10236098E+35 0.61080121E+32 0.19330971E+31 0.17985829E+31
 0.49376202E+34 0.51034053E+34 0.10008060E+35 0.59692408E+32 0.18898430E+31 0.17586359E+31
 0.48275911E+34 0.49896734E+34 0.97850438E+34 0.58336193E+32 0.18475480E+31 0.17195644E+31
 0.47199860E+34 0.48784476E+34 0.95669407E+34 0.57010763E+32 0.18061911E+31 0.16813494E+31
 0.46147526E+34 0.47696734E+34 0.93536446E+34 0.55715420E+32 0.17657517E+31 0.16439728E+31
 0.45118395E+34 0.46632979E+34 0.91450514E+34 0.54449481E+32 0.17262100E+31 0.16074164E+31
 0.44111964E+34 0.45592691E+34 0.89410592E+34 0.53212280E+32 0.16875461E+31 0.15716626E+31
 0.43127685E+34 0.44575304E+34 0.87415571E+34 0.52003166E+32 0.16497408E+31 0.15366942E+31
 0.42165190E+34 0.43580434E+34 0.85464701E+34 0.50821501E+32 0.16127754E+31 0.15024942E+31
 0.41223949E+34 0.42607537E+34 0.83556913E+34 0.49666665E+32 0.15766314E+31 0.14690461E+31
 0.40303502E+34 0.41656134E+34 0.81691269E+34 0.48538047E+32 0.15412908E+31 0.14363338E+31
 0.39403396E+34 0.40725760E+34 0.79866854E+34 0.47435054E+32 0.15067360E+31 0.14043412E+31
 0.38523190E+34 0.39815955E+34 0.78082773E+34 0.46357105E+32 0.14729497E+31 0.13730529E+31
 0.37662449E+34 0.38926274E+34 0.76338147E+34 0.45303631E+32 0.14399150E+31 0.13424537E+31
 0.36820751E+34 0.38056277E+34 0.74632118E+34 0.44274079E+32 0.14076155E+31 0.13125287E+31
 0.35997681E+34 0.37205536E+34 0.72963845E+34 0.43267904E+32 0.13760349E+31 0.12832632E+31
 0.35192833E+34 0.36373632E+34 0.71332506E+34 0.42284578E+32 0.13451575E+31 0.12546431E+31
 0.34405809E+34 0.35560153E+34 0.69737294E+34 0.41323581E+32 0.13149678E+31 0.12266543E+31
 0.33636221E+34 0.34764698E+34 0.68177422E+34 0.40384407E+32 0.12854506E+31 0.11992831E+31
 0.32883688E+34 0.33986872E+34 0.66652119E+34 0.39466562E+32 0.12565912E+31 0.11725161E+31
 0.32147838E+34 0.33226292E+34 0.65160629E+34 0.38569562E+32 0.12283750E+31 0.11463404E+31
 0.31428305E+34 0.32482579E+34 0.63702214E+34 0.37692933E+32 0.12007878E+31 0.11207429E+31
 0.30724734E+34 0.31755366E+34 0.62276150E+34 0.36836214E+32 0.11738159E+31 0.10957111E+31
 0.30036775E+34 0.31044291E+34 0.60881731E+34 0.35998953E+32 0.11474456E+31 0.10712327E+31
 0.29364087E+34 0.30349001E+34 0.59518263E+34 0.35180708E+32 0.11216637E+31 0.10472958E+31
 0.28706335E+34 0.29669151E+34 0.58185069E+34 0.34381048E+32 0.10964572E+31 0.10238885E+31
 0.28063192E+34 0.29004401E+34 0.56881485E+34 0.33599551E+32 0.10718133E+31 0.10009992E+31
 0.27434338E+34 0.28354422E+34 0.55606864E+34 0.32835806E+32 0.10477196E+31 0.97861674E+30
 0.26819459E+34 0.27718889E+34 0.54360569E+34 0.32089409E+32 0.10241641E+31 0.95672999E+30
 0.26218250E+34 0.27097485E+34 0.53141980E+34 0.31359967E+32 0.10011347E+31 0.93532816E+30
 0.25630409E+34 0.26489901E+34 0.51950487E+34 0.30647095E+32 0.97861982E+30 0.91440067E+30
 0.25055644E+34 0.25895832E+34 0.50785498E+34 0.29950417E+32 0.95660814E+30 0.89393715E+30
 0.24493667E+34 0.25314981E+34 0.49646428E+34 0.29269566E+32 0.93508849E+30 0.87392747E+30
 0.23944197E+34 0.24747059E+34 0.48532709E+34 0.28604181E+32 0.91404997E+30 0.85436170E+30
 0.23406959E+34 0.24191781E+34 0.47443783E+34 0.27953914E+32 0.89348194E+30 0.83523014E+30
 0.22881684E+34 0.23648869E+34 0.46379105E+34 0.27318419E+32 0.87337396E+30 0.81652327E+30
 0.22368110E+34 0.23118050E+34 0.45338141E+34 0.26697363E+32 0.85371585E+30 0.79823181E+30
 0.21865977E+34 0.22599059E+34 0.44320369E+34 0.26090416E+32 0.83449763E+30 0.78034665E+30
 0.21375035E+34 0.22091635E+34 0.43325279E+34 0.25497260E+32 0.81570954E+30 0.76285888E+30
 0.20895037E+34 0.21595522E+34 0.42352370E+34 0.24917580E+32 0.79734205E+30 0.74575980E+30
 0.20425741E+34 0.21110472E+34 0.41401154E+34 0.24351072E+32 0.77938582E+30 0.72904087E+30
 0.19966912E+34 0.20636241E+34 0.40471153E+34 0.23797435E+32 0.76183172E+30 0.71269375E+30
 0.19518318E+34 0.20172590E+34 0.39561898E+34 0.23256379E+32 0.74467083E+30 0.69671028E+30
 0.19079734E+34 0.19719285E+34 0.38672932E+34 0.22727616E+32 0.72789442E+30 0.68108247E+30
 0.18650939E+34 0.19276098E+34 0.37803806E+34 0.22210869E+32 0.71149393E+30 0.66580250E+30
 0.18231716E+34 0.18842806E+34 0.36954083E+34 0.21705864E+32 0.69546102E+30 0.65086272E+30
 0.17821855E+34 0.18419189E+34 0.36123334E+34 0.21212335E+32 0.67978751E+30 0.63625565E+30
 0.17421148E+34 0.18005035E+34 0.35311140E+34 0.20730020E+32 0.66446542E+30 0.62197397E+30
 0.17029392E+34 0.17600133E+34 0.34517089E+34 0.20258667E+32 0.64948693E+30 0.60801051E+30
 0.16646390E+34 0.17204280E+34 0.33740782E+34 0.19798025E+32 0.63484439E+30 0.59435826E+30
 0.16271949E+34 0.16817274E+34 0.32981825E+34 0.19347851E+32 0.62053032E+30 0.58101037E+30
 0.15905878E+34 0.16438921E+34 0.32239835E+34 0.18907909E+32 0.60653742E+30 0.56796013E+30
 0.15547993E+34 0.16069028E+34 0.31514436E+34 0.18477964E+32 0.59285853E+30 0.55520097E+30
 0.15198111E+34 0.15707408E+34 0.30805259E+34 0.18057791E+32 0.57948666E+30 0.54272647E+30
 0.14856056E+34 0.15353877E+34 0.30111947E+34 0.17647168E+32 0.56641496E+30 0.53053035E+30
 0.14521655E+34 0.15008258E+34 0.29434147E+34 0.17245877E+32 0.55363676E+30 0.51860646E+30
 0.14194737E+34 0.14670373E+34 0.28771515E+34 0.16853706E+32 0.54114550E+30 0.50694879E+30
 0.13875137E+34 0.14340052E+34 0.28123716E+34 0.16470450E+32 0.52893478E+30 0.49555145E+30
 0.13562692E+34 0.14017126E+34 0.27490419E+34 0.16095904E+32 0.51699837E+30 0.48440870E+30
 0.13257243E+34 0.13701433E+34 0.26871303E+34 0.15729871E+32 0.50533012E+30 0.47351491E+30
 0.12958636E+34 0.13392810E+34 0.26266054E+34 0.15372159E+32 0.49392406E+30 0.46286455E+30
 0.12666717E+34 0.13091101E+34 0.25674363E+34 0.15022577E+32 0.48277434E+30 0.45245226E+30
 0.12381340E+34 0.12796152E+34 0.25095929E+34 0.14680941E+32 0.47187523E+30 0.44227276E+30
 0.12102357E+34 0.12507814E+34 0.24530458E+34 0.14347071E+32 0.46122115E+30 0.43232089E+30
 0.11829628E+34 0.12225938E+34 0.23977661E+34 0.14020791E+32 0.45080661E+30 0.42259161E+30
 0.11563014E+34 0.11950383E+34 0.23437258E+34 0.13701927E+32 0.44062626E+30 0.41308000E+30
 0.11302377E+34 0.11681006E+34 0.22908971E+34 0.13390312E+32 0.43067488E+30 0.40378122E+30
 0.11047585E+34 0.11417671E+34 0.22392532E+34 0.13085780E+32 0.42094734E+30 0.39469055E+30
 0.10798509E+34 0.11160243E+34 0.21887677E+34 0.12788171E+32 0.41143864E+30 0.38580339E+30
 0.10555020E+34 0.10908590E+34 0.21394148E+34 0.12497328E+32 0.40214388E+30 0.37711521E+30
 0.10316996E+34 0.10662584E+34 0.20911693E+34 0.12213097E+32 0.39305830E+30 0.36862160E+30
 0.10084312E+34 0.10422100E+34 0.20440066E+34 0.11935327E+32 0.38417719E+30 0.36031823E+30
 0.98568522E+33 0.10187014E+34 0.19979024E+34 0.11663872E+32 0.37549599E+30 0.35220090E+30
 0.96344985E+33 0.99572055E+33 0.19528333E+34 0.11398589E+32 0.36701023E+30 0.34426545E+30
 0.94171374E+33 0.97325576E+33 0.19087762E+34 0.11139337E+32 0.35871553E+30 0.33650785E+30
 0.92046577E+33 0.95129548E+33 0.18657085E+34 0.10885978E+32 0.35060761E+30 0.32892414E+30
 0.89969505E+33 0.92982848E+33 0.18236081E+34 0.10638380E+32 0.34268229E+30 0.32151047E+30
 0.87939094E+33 0.90884375E+33 0.17824534E+34 0.10396412E+32 0.33493548E+30 0.31426304E+30
 0.85954303E+33 0.88833052E+33 0.17422235E+34 0.10159945E+32 0.32736319E+30 0.30717817E+30
 0.84014113E+33 0.86827829E+33 0.17028975E+34 0.99288537E+31 0.31996149E+30 0.30025222E+30
 0.82117529E+33 0.84867675E+33 0.16644555E+34 0.97030170E+31 0.31272658E+30 0.29348167E+30
 0.80263578E+33 0.82951584E+33 0.16268775E+34 0.94823153E+31 0.30565470E+30 0.28686305E+30
 0.78451307E+33 0.81078572E+33 0.15901444E+34 0.92666316E+31 0.29874221E+30 0.28039298E+30
 0.76679786E+33 0.79247678E+33 0.15542372E+34 0.90558521E+31 0.29198553E+30 0.27406815E+30
 0.74948104E+33 0.77457959E+33 0.15191375E+34 0.88498652E+31 0.28538117E+30 0.26788532E+30
 0.73255370E+33 0.75708496E+33 0.14848273E+34 0.86485621E+31 0.27892571E+30 0.26184133E+30
 0.71600715E+33 0.73998389E+33 0.14512889E+34 0.84518363E+31 0.27261581E+30 0.25593309E+30
 0.69983287E+33 0.72326757E+33 0.14185050E+34 0.82595838E+31 0.26644820E+30 0.25015756E+30
 0.68402253E+33 0.70692741E+33 0.13864588E+34 0.80717029E+31 0.26041970E+30 0.24451178E+30
 0.66856799E+33 0.69095500E+33 0.13551338E+34 0.78880943E+31 0.25452717E+30 0.23899287E+30
 0.65346130E+33 0.67534209E+33 0.13245138E+34 0.77086608E+31 0.24876757E+30 0.23359798E+30
 0.63869467E+33 0.66008066E+33 0.12945832E+34 0.75333076E+31 0.24313791E+30 0.22832435E+30
 0.62426049E+33 0.64516282E+33 0.12653263E+34 0.73619420E+31 0.23763527E+30 0.22316928E+30
 0.61015132E+33 0.63058090E+33 0.12367282E+34 0.71944732E+31 0.23225680E+30 0.21813011E+30
 0.59635988E+33 0.61632737E+33 0.12087741E+34 0.70308128E+31 0.22699971E+30 0.21320425E+30
 0.58287905E+33 0.60239487E+33 0.11814497E+34 0.68708742E+31 0.22186127E+30 0.20838918E+30
 0.56970189E+33 0.58877621E+33 0.11547407E+34 0.67145727E+31 0.21683882E+30 0.20368242E+30
 0.55682157E+33 0.57546436E+33 0.11286334E+34 0.65618257E+31 0.21192976E+30 0.19908154E+30
 0.54423147E+33 0.56245245E+33 0.11031143E+34 0.64125525E+31 0.20713152E+30 0.19458418E+30
 0.53192506E+33 0.54973376E+33 0.10781702E+34 0.62666740E+31 0.20244162E+30 0.19018803E+30
 0.51989599E+33 0.53730170E+33 0.10537883E+34 0.61241130E+31 0.19785763E+30 0.18589081E+30
 0.50813804E+33 0.52514986E+33 0.10299559E+34 0.59847942E+31 0.19337715E+30 0.18169033E+30
 0.49664514E+33 0.51327195E+33 0.10066608E+34 0.58486439E+31 0.18899788E+30 0.17758440E+30
 0.48541134E+33 0.50166182E+33 0.98389081E+33 0.57155900E+31 0.18471751E+30 0.17357092E+30
 0.47443082E+33 0.49031348E+33 0.96163422E+33 0.55855622E+31 0.18053384E+30 0.16964781E+30
 0.46369790E+33 0.47922104E+33 0.93987949E+33 0.54584916E+31 0.17644469E+30 0.16581305E+30
 0.45320703E+33 0.46837876E+33 0.91861537E+33 0.53343110E+31 0.17244793E+30 0.16206467E+30
 0.44295278E+33 0.45778103E+33 0.89783085E+33 0.52129547E+31 0.16854147E+30 0.15840073E+30
 0.43292983E+33 0.44742236E+33 0.87751516E+33 0.50943586E+31 0.16472329E+30 0.15481933E+30
 0.42313299E+33 0.43729737E+33 0.85765777E+33 0.49784598E+31 0.16099140E+30 0.15131863E+30
 0.41355718E+33 0.42740084E+33 0.83824840E+33 0.48651971E+31 0.15734386E+30 0.14789682E+30
 0.40419744E+33 0.41772761E+33 0.81927697E+33 0.47545104E+31 0.15377876E+30 0.14455213E+30
 0.39504892E+33 0.40827268E+33 0.80073367E+33 0.46463414E+31 0.15029426E+30 0.14128282E+30
 0.38610686E+33 0.39903113E+33 0.78260885E+33 0.45406326E+31 0.14688852E+30 0.13808722E+30
 0.37736664E+33 0.38999819E+33 0.76489314E+33 0.44373281E+31 0.14355979E+30 0.13496366E+30
 0.36882371E+33 0.38116915E+33 0.74757732E+33 0.43363734E+31 0.14030633E+30 0.13191053E+30
 0.36047364E+33 0.37253944E+33 0.73065241E+33 0.42377149E+31 0.13712643E+30 0.12892625E+30
 0.35231210E+33 0.36410457E+33 0.71410962E+33 0.41413005E+31 0.13401844E+30 0.12600928E+30
 0.34433484E+33 0.35586016E+33 0.69794037E+33 0.40470791E+31 0.13098075E+30 0.12315810E+30
 0.33653773E+33 0.34780194E+33 0.68213625E+33 0.39550009E+31 0.12801176E+30 0.12037124E+30
 0.32891670E+33 0.33992570E+33 0.66668905E+33 0.38650172E+31 0.12510992E+30 0.11764725E+30
 0.32146781E+33 0.33222737E+33 0.65159074E+33 0.37770803E+31 0.12227373E+30 0.11498472E+30
 0.31418717E+33 0.32470293E+33 0.63683348E+33 0.36911436E+31 0.11950170E+30 0.11238227E+30
 0.30707101E+33 0.31734847E+33 0.62240959E+33 0.36071617E+31 0.11679239E+30 0.10983855E+30
 0.30011562E+33 0.31016018E+33 0.60831156E+33 0.35250902E+31 0.11414438E+30 0.10735225E+30
 0.29331738E+33 0.30313430E+33 0.59453207E+33 0.34448856E+31 0.11155629E+30 0.10492206E+30
 0.28667275E+33 0.29626718E+33 0.58106395E+33 0.33665054E+31 0.10902676E+30 0.10254673E+30
 0.28017828E+33 0.28955526E+33 0.56790018E+33 0.32899082E+31 0.10655448E+30 0.10022504E+30
 0.27383059E+33 0.28299503E+33 0.55503392E+33 0.32150534E+31 0.10413815E+30 0.97955757E+29
 0.26762637E+33 0.27658307E+33 0.54245846E+33 0.31419014E+31 0.10177651E+30 0.95737721E+29
 0.26156239E+33 0.27031606E+33 0.53016725E+33 0.30704134E+31 0.99468332E+29 0.93569774E+29
 0.25563550E+33 0.26419072E+33 0.51815390E+33 0.30005517E+31 0.97212401E+29 0.91450791E+29
 0.24984259E+33 0.25820387E+33 0.50641214E+33 0.29322793E+31 0.95007541E+29 0.89379670E+29
 0.24418066E+33 0.25235237E+33 0.49493586E+33 0.28655599E+31 0.92852599E+29 0.87355335E+29
 0.23864676E+33 0.24663319E+33 0.48371907E+33 0.28003583E+31 0.90746447E+29 0.85376731E+29
 0.23323799E+33 0.24104334E+33 0.47275593E+33 0.27366400E+31 0.88687984E+29 0.83442831E+29
 0.22795154E+33 0.23557991E+33 0.46204071E+33 0.26743713E+31 0.86676133E+29 0.81552628E+29
 0.22278466E+33 0.23024004E+33 0.45156784E+33 0.26135191E+31 0.84709842E+29 0.79705138E+29
 0.21773464E+33 0.22502096E+33 0.44133185E+33 0.25540512E+31 0.82788080E+29 0.77899401E+29
 0.21279885E+33 0.21991993E+33 0.43132739E+33 0.24959362E+31 0.80909843E+29 0.76134475E+29
 0.20797472E+33 0.21493430E+33 0.42154925E+33 0.24391434E+31 0.79074148E+29 0.74409441E+29
 0.20325972E+33 0.21006147E+33 0.41199232E+33 0.23836425E+31 0.77280032E+29 0.72723402E+29
 0.19865141E+33 0.20529888E+33 0.40265162E+33 0.23294043E+31 0.75526557E+29 0.71075479E+29
 0.19414736E+33 0.20064406E+33 0.39352227E+33 0.22764000E+31 0.73812804E+29 0.69464813E+29
 0.18974523E+33 0.19609456E+33 0.38459950E+33 0.22246016E+31 0.72137875E+29 0.67890565E+29
 0.18544272E+33 0.19164803E+33 0.37587864E+33 0.21739817E+31 0.70500894E+29 0.66351914E+29
 0.18123758E+33 0.18730213E+33 0.36735515E+33 0.21245133E+31 0.68901002E+29 0.64848058E+29
 0.17712762E+33 0.18305458E+33 0.35902457E+33 0.20761704E+31 0.67337361E+29 0.63378213E+29
 0.17311068E+33 0.17890319E+33 0.35088255E+33 0.20289274E+31 0.65809152E+29 0.61941612E+29
 0.16918467E+33 0.17484576E+33 0.34292483E+33 0.19827591E+31 0.64315573E+29 0.60537506E+29
 0.16534753E+33 0.17088018E+33 0.33514725E+33 0.19376413E+31 0.62855842E+29 0.59165162E+29
 0.16159726E+33 0.16700438E+33 0.32754574E+33 0.18935499E+31 0.61429194E+29 0.57823863E+29
 0.15793190E+33 0.16321634E+33 0.32011633E+33 0.18504617E+31 0.60034879E+29 0.56512910E+29
 0.15434953E+33 0.15951406E+33 0.31285514E+33 0.18083538E+31 0.58672167E+29 0.55231619E+29
 0.15084828E+33 0.15589561E+33 0.30575837E+33 0.17672040E+31 0.57340343E+29 0.53979319E+29
 0.14742631E+33 0.15235910E+33 0.29882229E+33 0.17269903E+31 0.56038709E+29 0.52755358E+29
 0.14408183E+33 0.14890269E+33 0.29204329E+33 0.16876917E+31 0.54766582E+29 0.51559096E+29
 0.14081309E+33 0.14552455E+33 0.28541782E+33 0.16492871E+31 0.53523293E+29 0.50389907E+29
 0.13761839E+33 0.14222292E+33 0.27894240E+33 0.16117563E+31 0.52308191E+29 0.49247182E+29
 0.13449605E+33 0.13899608E+33 0.27261365E+33 0.15750794E+31 0.51120639E+29 0.48130322E+29
 0.13144443E+33 0.13584232E+33 0.26642825E+33 0.15392371E+31 0.49960011E+29 0.47038744E+29
 0.12846194E+33 0.13276001E+33 0.26038297E+33 0.15042102E+31 0.48825700E+29 0.45971877E+29
 0.12554702E+33 0.12974753E+33 0.25447464E+33 0.14699803E+31 0.47717110E+29 0.44929164E+29
 0.12269813E+33 0.12680330E+33 0.24870016E+33 0.14365292E+31 0.46633659E+29 0.43910058E+29
 0.11991379E+33 0.12392577E+33 0.24305650E+33 0.14038392E+31 0.45574777E+29 0.42914027E+29
 0.11719253E+33 0.12111344E+33 0.23754072E+33 0.13718930E+31 0.44539909E+29 0.41940551E+29
 0.11453293E+33 0.11836484E+33 0.23214993E+33 0.13406737E+31 0.43528511E+29 0.40989118E+29
 0.11193361E+33 0.11567852E+33 0.22688128E+33 0.13101647E+31 0.42540052E+29 0.40059233E+29
 0.10939318E+33 0.11305308E+33 0.22173203E+33 0.12803499E+31 0.41574012E+29 0.39150407E+29
 0.10691033E+33 0.11048713E+33 0.21669948E+33 0.12512135E+31 0.40629884E+29 0.38262166E+29
 0.10448375E+33 0.10797935E+33 0.21178097E+33 0.12227400E+31 0.39707172E+29 0.37394043E+29
 0.10211216E+33 0.10552840E+33 0.20697395E+33 0.11949145E+31 0.38805391E+29 0.36545586E+29
 0.99794331E+32 0.10313300E+33 0.20227588E+33 0.11677220E+31 0.37924066E+29 0.35716348E+29
 0.97529039E+32 0.10079190E+33 0.19768430E+33 0.11411483E+31 0.37062735E+29 0.34905897E+29
 0.95315096E+32 0.98503871E+32 0.19319681E+33 0.11151793E+31 0.36220945E+29 0.34113806E+29
 0.93151342E+32 0.96267710E+32 0.18881104E+33 0.10898011E+31 0.35398253E+29 0.33339662E+29
 0.91036641E+32 0.94082243E+32 0.18452470E+33 0.10650004E+31 0.34594226E+29 0.32583059E+29
 0.88969883E+32 0.91946325E+32 0.18033553E+33 0.10407641E+31 0.33808443E+29 0.31843600E+29
 0.86949984E+32 0.89858834E+32 0.17624135E+33 0.10170792E+31 0.33040489E+29 0.31120897E+29
 0.84975883E+32 0.87818674E+32 0.17223999E+33 0.99393324E+30 0.32289960E+29 0.30414572E+29
 0.83046543E+32 0.85824774E+32 0.16832936E+33 0.97131397E+30 0.31556463E+29 0.29724255E+29
 0.81160953E+32 0.83876088E+32 0.16450741E+33 0.94920940E+30 0.30839610E+29 0.29049583E+29
 0.79318121E+32 0.81971592E+32 0.16077213E+33 0.92760780E+30 0.30139026E+29 0.28390203E+29
 0.77517080E+32 0.80110285E+32 0.15712155E+33 0.90649775E+30 0.29454341E+29 0.27745768E+29
 0.75756884E+32 0.78291191E+32 0.15355376E+33 0.88586806E+30 0.28785194E+29 0.27115941E+29
 0.74036608E+32 0.76513354E+32 0.15006689E+33 0.86570779E+30 0.28131235E+29 0.26500391E+29
 0.72355349E+32 0.74775839E+32 0.14665910E+33 0.84600627E+30 0.27492118E+29 0.25898796E+29
 0.70712224E+32 0.73077734E+32 0.14332861E+33 0.82675307E+30 0.26867508E+29 0.25310839E+29
 0.69106369E+32 0.71418146E+32 0.14007366E+33 0.80793798E+30 0.26257075E+29 0.24736213E+29
 0.67536940E+32 0.69796204E+32 0.13689254E+33 0.78955103E+30 0.25660498E+29 0.24174615E+29
 0.66003112E+32 0.68211055E+32 0.13378359E+33 0.77158249E+30 0.25077463E+29 0.23625750E+29
 0.64504079E+32 0.66661866E+32 0.13074516E+33 0.75402282E+30 0.24507664E+29 0.23089331E+29
 0.63039053E+32 0.65147822E+32 0.12777566E+33 0.73686275E+30 0.23950799E+29 0.22565076E+29
 0.61607265E+32 0.63668127E+32 0.12487353E+33 0.72009315E+30 0.23406577E+29 0.22052709E+29
 0.60207960E+32 0.62222004E+32 0.12203724E+33 0.70370517E+30 0.22874710E+29 0.21551962E+29
 0.58840404E+32 0.60808692E+32 0.11926530E+33 0.68769011E+30 0.22354917E+29 0.21062572E+29
 0.57503878E+32 0.59427448E+32 0.11655626E+33 0.67203948E+30 0.21846926E+29 0.20584280E+29
 0.56197677E+32 0.58077544E+32 0.11390869E+33 0.65674501E+30 0.21350469E+29 0.20116837E+29
 0.54921116E+32 0.56758273E+32 0.11132119E+33 0.64179857E+30 0.20865284E+29 0.19659996E+29
 0.53673523E+32 0.55468938E+32 0.10879241E+33 0.62719226E+30 0.20391116E+29 0.19213518E+29
 0.52454241E+32 0.54208863E+32 0.10632102E+33 0.61291833E+30 0.19927714E+29 0.18777167E+29
 0.51262629E+32 0.52977383E+32 0.10390571E+33 0.59896923E+30 0.19474835E+29 0.18350715E+29
 0.50098061E+32 0.51773852E+32 0.10154521E+33 0.58533755E+30 0.19032240E+29 0.17933938E+29
 0.48959922E+32 0.50597635E+32 0.99238287E+32 0.57201609E+30 0.18599695E+29 0.17526615E+29
 0.47847615E+32 0.49448115E+32 0.96983721E+32 0.55899777E+30 0.18176974E+29 0.17128534E+29
 0.46760554E+32 0.48324685E+32 0.94780327E+32 0.54627571E+30 0.17763852E+29 0.16739484E+29
 0.45698166E+32 0.47226754E+32 0.92626944E+32 0.53384316E+30 0.17360112E+29 0.16359261E+29
 0.44659893E+32 0.46153745E+32 0.90522440E+32 0.52169354E+30 0.16965542E+29 0.15987666E+29
 0.43645188E+32 0.45105092E+32 0.88465706E+32 0.50982040E+30 0.16579933E+29 0.15624503E+29
 0.42653516E+32 0.44080244E+32 0.86455659E+32 0.49821746E+30 0.16203082E+29 0.15269580E+29
 0.41684356E+32 0.43078661E+32 0.84491242E+32 0.48687856E+30 0.15834790E+29 0.14922711E+29
 0.40737198E+32 0.42099815E+32 0.82571419E+32 0.47579771E+30 0.15474864E+29 0.14583714E+29
 0.39811541E+32 0.41143191E+32 0.80695181E+32 0.46496902E+30 0.15123113E+29 0.14252410E+29
 0.38906900E+32 0.40208285E+32 0.78861537E+32 0.45438677E+30 0.14779351E+29 0.13928625E+29
 0.38022797E+32 0.39294605E+32 0.77069524E+32 0.44404533E+30 0.14443398E+29 0.13612189E+29
 0.37158766E+32 0.38401669E+32 0.75318197E+32 0.43393924E+30 0.14115077E+29 0.13302934E+29
 0.36314354E+32 0.37529008E+32 0.73606633E+32 0.42406314E+30 0.13794214E+29 0.13000699E+29
 0.35489114E+32 0.36676161E+32 0.71933932E+32 0.41441179E+30 0.13480640E+29 0.12705324E+29
 0.34682612E+32 0.35842678E+32 0.70299210E+32 0.40498008E+30 0.13174189E+29 0.12416653E+29
 0.33894423E+32 0.35028122E+32 0.68701608E+32 0.39576302E+30 0.12874700E+29 0.12134535E+29
 0.33124132E+32 0.34232062E+32 0.67140283E+32 0.38675571E+30 0.12582015E+29 0.11858821E+29
 0.32371332E+32 0.33454080E+32 0.65614413E+32 0.37795339E+30 0.12295979E+29 0.11589367E+29
 0.31635628E+32 0.32693764E+32 0.64123193E+32 0.36935138E+30 0.12016442E+29 0.11326029E+29
 0.30916631E+32 0.31950715E+32 0.62665838E+32 0.36094515E+30 0.11743256E+29 0.11068669E+29
 0.30213963E+32 0.31224540E+32 0.61241579E+32 0.35273021E+30 0.11476277E+29 0.10817153E+29
 0.29527252E+32 0.30514858E+32 0.59849666E+32 0.34470224E+30 0.11215364E+29 0.10571347E+29
 0.28856138E+32 0.29821293E+32 0.58489365E+32 0.33685696E+30 0.10960379E+29 0.10331121E+29
 0.28200265E+32 0.29143481E+32 0.57159958E+32 0.32919023E+30 0.10711188E+29 0.10096350E+29
 0.27559289E+32 0.28481063E+32 0.55860746E+32 0.32169797E+30 0.10467659E+29 0.98669100E+28
 0.26932872E+32 0.27833691E+32 0.54591042E+32 0.31437623E+30 0.10229663E+29 0.96426795E+28
 0.26320682E+32 0.27201023E+32 0.53350178E+32 0.30722111E+30 0.99970761E+28 0.94235405E+28
 0.25722398E+32 0.26582725E+32 0.52137498E+32 0.30022884E+30 0.97697739E+28 0.92093777E+28
 0.25137704E+32 0.25978472E+32 0.50952365E+32 0.29339569E+30 0.95476369E+28 0.90000781E+28
 0.24566291E+32 0.25387945E+32 0.49794151E+32 0.28671806E+30 0.93305479E+28 0.87955316E+28
 0.24007858E+32 0.24810832E+32 0.48662248E+32 0.28019240E+30 0.91183923E+28 0.85956302E+28
 0.23462111E+32 0.24246829E+32 0.47556057E+32 0.27381525E+30 0.89110579E+28 0.84002686E+28
 0.22928761E+32 0.23695639E+32 0.46474995E+32 0.26758323E+30 0.87084354E+28 0.82093438E+28
 0.22407528E+32 0.23156970E+32 0.45418492E+32 0.26149305E+30 0.85104177E+28 0.80227551E+28
 0.21898136E+32 0.22630539E+32 0.44385990E+32 0.25554147E+30 0.83169003E+28 0.78404043E+28
 0.21400316E+32 0.22116067E+32 0.43376945E+32 0.24972534E+30 0.81277810E+28 0.76621952E+28
 0.20913806E+32 0.21613284E+32 0.42390825E+32 0.24404158E+30 0.79429599E+28 0.74880337E+28
 0.20438350E+32 0.21121923E+32 0.41427108E+32 0.23848717E+30 0.77623394E+28 0.73178281E+28
 0.19973696E+32 0.20641727E+32 0.40485288E+32 0.23305918E+30 0.75858241E+28 0.71514886E+28
 0.19519599E+32 0.20172440E+32 0.39564865E+32 0.22775472E+30 0.74133208E+28 0.69889274E+28
 0.19075819E+32 0.19713817E+32 0.38665356E+32 0.22257098E+30 0.72447382E+28 0.68300589E+28
 0.18642123E+32 0.19265614E+32 0.37786284E+32 0.21750522E+30 0.70799875E+28 0.66747993E+28
 0.18218281E+32 0.18827595E+32 0.36927187E+32 0.21255475E+30 0.69189816E+28 0.65230666E+28
 0.17804070E+32 0.18399529E+32 0.36087610E+32 0.20771695E+30 0.67616353E+28 0.63747808E+28
 0.17399271E+32 0.17981190E+32 0.35267111E+32 0.20298925E+30 0.66078656E+28 0.62298637E+28
 0.17003670E+32 0.17572356E+32 0.34465256E+32 0.19836915E+30 0.64575913E+28 0.60882389E+28
 0.16617059E+32 0.17172814E+32 0.33681622E+32 0.19385420E+30 0.63107329E+28 0.59498316E+28
 0.16239233E+32 0.16782350E+32 0.32915796E+32 0.18944200E+30 0.61672128E+28 0.58145687E+28
 0.15869993E+32 0.16400760E+32 0.32167372E+32 0.18513023E+30 0.60269552E+28 0.56823790E+28
 0.15509144E+32 0.16027841E+32 0.31435957E+32 0.18091658E+30 0.58898861E+28 0.55531926E+28
 0.15156496E+32 0.15663397E+32 0.30721163E+32 0.17679884E+30 0.57559329E+28 0.54269415E+28
 0.14811862E+32 0.15307236E+32 0.30022614E+32 0.17277481E+30 0.56250248E+28 0.53035589E+28
 0.14475060E+32 0.14959168E+32 0.29339940E+32 0.16884237E+30 0.54970928E+28 0.51829797E+28
 0.14145912E+32 0.14619012E+32 0.28672781E+32 0.16499942E+30 0.53720691E+28 0.50651404E+28
 0.13824245E+32 0.14286586E+32 0.28020785E+32 0.16124394E+30 0.52498878E+28 0.49499786E+28
 0.13509889E+32 0.13961715E+32 0.27383607E+32 0.15757394E+30 0.51304841E+28 0.48374337E+28
 0.13202677E+32 0.13644228E+32 0.26760911E+32 0.15398746E+30 0.50137951E+28 0.47274462E+28
 0.12902448E+32 0.13333957E+32 0.26152367E+32 0.15048260E+30 0.48997590E+28 0.46199580E+28
 0.12609043E+32 0.13030738E+32 0.25557655E+32 0.14705752E+30 0.47883156E+28 0.45149124E+28
 0.12322306E+32 0.12734411E+32 0.24976461E+32 0.14371039E+30 0.46794059E+28 0.44122539E+28
 0.12042087E+32 0.12444820E+32 0.24408476E+32 0.14043944E+30 0.45729724E+28 0.43119284E+28
 0.11768238E+32 0.12161811E+32 0.23853402E+32 0.13724293E+30 0.44689588E+28 0.42138829E+28
 0.11500613E+32 0.11885235E+32 0.23310945E+32 0.13411918E+30 0.43673102E+28 0.41180655E+28
 0.11239071E+32 0.11614945E+32 0.22780819E+32 0.13106652E+30 0.42679727E+28 0.40244258E+28
 0.10983474E+32 0.11350800E+32 0.22262742E+32 0.12808334E+30 0.41708939E+28 0.39329141E+28
 0.10733688E+32 0.11092659E+32 0.21756442E+32 0.12516806E+30 0.40760224E+28 0.38434823E+28
 0.10489580E+32 0.10840386E+32 0.21261652E+32 0.12231913E+30 0.39833080E+28 0.37560831E+28
 0.10251020E+32 0.10593848E+32 0.20778109E+32 0.11953504E+30 0.38927019E+28 0.36706703E+28
 0.10017884E+32 0.10352914E+32 0.20305558E+32 0.11681432E+30 0.38041560E+28 0.35871988E+28
 0.97900475E+31 0.10117457E+32 0.19843749E+32 0.11415551E+30 0.37176234E+28 0.35056245E+28
 0.95673906E+31 0.98873535E+31 0.19392439E+32 0.11155723E+30 0.36330586E+28 0.34259044E+28
 0.93497954E+31 0.96624806E+31 0.18951389E+32 0.10901808E+30 0.35504167E+28 0.33479962E+28
 0.91371470E+31 0.94427200E+31 0.18520366E+32 0.10653672E+30 0.34696540E+28 0.32718590E+28
 0.89293330E+31 0.92279556E+31 0.18099141E+32 0.10411184E+30 0.33907279E+28 0.31974523E+28
 0.87262435E+31 0.90180737E+31 0.17687493E+32 0.10174215E+30 0.33135965E+28 0.31247370E+28
 0.85277712E+31 0.88129634E+31 0.17285203E+32 0.99426390E+29 0.32382191E+28 0.30536746E+28
 0.83338113E+31 0.86125164E+31 0.16892060E+32 0.97163340E+29 0.31645559E+28 0.29842276E+28
 0.81442611E+31 0.84166267E+31 0.16507855E+32 0.94951798E+29 0.30925678E+28 0.29163592E+28
