# Thermal sigma v for some different final states
# The final states are:
# Case 1: PDG = 12
# Case 2: PDG = 15
# Case 3: PDG =  6
# Case 4: PDG = 24
#  i     Mass [GeV]      sigvmid_1     sigvperr_1     sigvmerr_1      sigvmid_2     sigvperr_2     sigvmerr_2      sigvmid_3     sigvperr_3     sigvmerr_3      sigvmid_4     sigvperr_4     sigvmerr_4, sigv in units of cm^3/s^1
   1   0.100000E-02   0.510783E-25   0.147364E-26  -0.114586E-26   0.100000E+01   0.000000E+00   0.000000E+00   0.100000E+01   0.000000E+00   0.000000E+00   0.100000E+01   0.000000E+00   0.000000E+00
   2   0.150000E-02   0.498689E-25   0.145612E-26  -0.111873E-26   0.100000E+01   0.000000E+00   0.000000E+00   0.100000E+01   0.000000E+00   0.000000E+00   0.100000E+01   0.000000E+00   0.000000E+00
   3   0.225000E-02   0.457952E-25   0.134486E-26  -0.103464E-26   0.100000E+01   0.000000E+00   0.000000E+00   0.100000E+01   0.000000E+00   0.000000E+00   0.100000E+01   0.000000E+00   0.000000E+00
   4   0.337500E-02   0.417062E-25   0.121805E-26  -0.935355E-27   0.100000E+01   0.000000E+00   0.000000E+00   0.100000E+01   0.000000E+00   0.000000E+00   0.100000E+01   0.000000E+00   0.000000E+00
   5   0.506250E-02   0.397163E-25   0.114482E-26  -0.884884E-27   0.100000E+01   0.000000E+00   0.000000E+00   0.100000E+01   0.000000E+00   0.000000E+00   0.100000E+01   0.000000E+00   0.000000E+00
   6   0.759375E-02   0.390995E-25   0.112247E-26  -0.863949E-27   0.100000E+01   0.000000E+00   0.000000E+00   0.100000E+01   0.000000E+00   0.000000E+00   0.100000E+01   0.000000E+00   0.000000E+00
   7   0.113906E-01   0.391902E-25   0.112359E-26  -0.859467E-27   0.100000E+01   0.000000E+00   0.000000E+00   0.100000E+01   0.000000E+00   0.000000E+00   0.100000E+01   0.000000E+00   0.000000E+00
   8   0.170859E-01   0.396703E-25   0.113069E-26  -0.863664E-27   0.100000E+01   0.000000E+00   0.000000E+00   0.100000E+01   0.000000E+00   0.000000E+00   0.100000E+01   0.000000E+00   0.000000E+00
   9   0.256289E-01   0.403662E-25   0.114900E-26  -0.880269E-27   0.100000E+01   0.000000E+00   0.000000E+00   0.100000E+01   0.000000E+00   0.000000E+00   0.100000E+01   0.000000E+00   0.000000E+00
  10   0.384434E-01   0.411936E-25   0.116720E-26  -0.896583E-27   0.100000E+01   0.000000E+00   0.000000E+00   0.100000E+01   0.000000E+00   0.000000E+00   0.100000E+01   0.000000E+00   0.000000E+00
  11   0.576650E-01   0.421030E-25   0.119270E-26  -0.916628E-27   0.100000E+01   0.000000E+00   0.000000E+00   0.100000E+01   0.000000E+00   0.000000E+00   0.100000E+01   0.000000E+00   0.000000E+00
  12   0.864976E-01   0.430491E-25   0.121977E-26  -0.936968E-27   0.100000E+01   0.000000E+00   0.000000E+00   0.100000E+01   0.000000E+00   0.000000E+00   0.100000E+01   0.000000E+00   0.000000E+00
  13   0.129746E+00   0.440420E-25   0.124024E-26  -0.958579E-27   0.100000E+01   0.000000E+00   0.000000E+00   0.100000E+01   0.000000E+00   0.000000E+00   0.100000E+01   0.000000E+00   0.000000E+00
  14   0.194620E+00   0.450317E-25   0.126783E-26  -0.980389E-27   0.100000E+01   0.000000E+00   0.000000E+00   0.100000E+01   0.000000E+00   0.000000E+00   0.100000E+01   0.000000E+00   0.000000E+00
  15   0.291929E+00   0.458041E-25   0.129697E-26  -0.989616E-27   0.100000E+01   0.000000E+00   0.000000E+00   0.100000E+01   0.000000E+00   0.000000E+00   0.100000E+01   0.000000E+00   0.000000E+00
  16   0.437894E+00   0.457156E-25   0.129390E-26  -0.988250E-27   0.100000E+01   0.000000E+00   0.000000E+00   0.100000E+01   0.000000E+00   0.000000E+00   0.100000E+01   0.000000E+00   0.000000E+00
  17   0.656841E+00   0.446850E-25   0.126528E-26  -0.965439E-27   0.100000E+01   0.000000E+00   0.000000E+00   0.100000E+01   0.000000E+00   0.000000E+00   0.100000E+01   0.000000E+00   0.000000E+00
  18   0.985261E+00   0.434755E-25   0.122941E-26  -0.940860E-27   0.100000E+01   0.000000E+00   0.000000E+00   0.100000E+01   0.000000E+00   0.000000E+00   0.100000E+01   0.000000E+00   0.000000E+00
  19   0.147789E+01   0.423478E-25   0.120187E-26  -0.911430E-27   0.342879E-21   0.138931E-22  -0.105177E-22   0.100000E+01   0.000000E+00   0.000000E+00   0.100000E+01   0.000000E+00   0.000000E+00
  20   0.150745E+01   0.422906E-25   0.119092E-26  -0.920458E-27   0.125771E-21   0.490323E-23  -0.373608E-23   0.100000E+01   0.000000E+00   0.000000E+00   0.100000E+01   0.000000E+00   0.000000E+00
  21   0.153760E+01   0.422252E-25   0.119590E-26  -0.912043E-27   0.468885E-22   0.177030E-23  -0.135355E-23   0.100000E+01   0.000000E+00   0.000000E+00   0.100000E+01   0.000000E+00   0.000000E+00
  22   0.156835E+01   0.421600E-25   0.119405E-26  -0.910634E-27   0.177391E-22   0.647957E-24  -0.491923E-24   0.100000E+01   0.000000E+00   0.000000E+00   0.100000E+01   0.000000E+00   0.000000E+00
  23   0.159972E+01   0.420949E-25   0.118541E-26  -0.916199E-27   0.680519E-23   0.237838E-24  -0.183007E-24   0.100000E+01   0.000000E+00   0.000000E+00   0.100000E+01   0.000000E+00   0.000000E+00
  24   0.163171E+01   0.420217E-25   0.118830E-26  -0.909399E-27   0.264007E-23   0.895362E-25  -0.679507E-25   0.100000E+01   0.000000E+00   0.000000E+00   0.100000E+01   0.000000E+00   0.000000E+00
  25   0.166435E+01   0.419487E-25   0.118129E-26  -0.913017E-27   0.103316E-23   0.335857E-25  -0.257321E-25   0.100000E+01   0.000000E+00   0.000000E+00   0.100000E+01   0.000000E+00   0.000000E+00
  26   0.169763E+01   0.418758E-25   0.117897E-26  -0.911682E-27   0.405410E-24   0.127513E-25  -0.969821E-26   0.100000E+01   0.000000E+00   0.000000E+00   0.100000E+01   0.000000E+00   0.000000E+00
  27   0.173159E+01   0.417950E-25   0.117617E-26  -0.910424E-27   0.157766E-24   0.471660E-26  -0.364364E-26   0.100000E+01   0.000000E+00   0.000000E+00   0.100000E+01   0.000000E+00   0.000000E+00
  28   0.176622E+01   0.417143E-25   0.117443E-26  -0.908166E-27   0.587636E-25   0.168606E-26  -0.129935E-26   0.100000E+01   0.000000E+00   0.000000E+00   0.100000E+01   0.000000E+00   0.000000E+00
  29   0.180154E+01   0.416257E-25   0.117944E-26  -0.905987E-27   0.416262E-25   0.117224E-26  -0.905967E-27   0.100000E+01   0.000000E+00   0.000000E+00   0.100000E+01   0.000000E+00   0.000000E+00
  30   0.183757E+01   0.415373E-25   0.116892E-26  -0.904811E-27   0.415368E-25   0.117627E-26  -0.904675E-27   0.100000E+01   0.000000E+00   0.000000E+00   0.100000E+01   0.000000E+00   0.000000E+00
  31   0.187432E+01   0.414411E-25   0.117231E-26  -0.895834E-27   0.414468E-25   0.116650E-26  -0.902715E-27   0.100000E+01   0.000000E+00   0.000000E+00   0.100000E+01   0.000000E+00   0.000000E+00
  32   0.191181E+01   0.413451E-25   0.117071E-26  -0.900625E-27   0.413449E-25   0.117152E-26  -0.899843E-27   0.100000E+01   0.000000E+00   0.000000E+00   0.100000E+01   0.000000E+00   0.000000E+00
  33   0.195005E+01   0.412494E-25   0.115978E-26  -0.899529E-27   0.412478E-25   0.116090E-26  -0.898382E-27   0.100000E+01   0.000000E+00   0.000000E+00   0.100000E+01   0.000000E+00   0.000000E+00
  34   0.198905E+01   0.411379E-25   0.116485E-26  -0.888803E-27   0.411443E-25   0.115799E-26  -0.896128E-27   0.100000E+01   0.000000E+00   0.000000E+00   0.100000E+01   0.000000E+00   0.000000E+00
  35   0.202883E+01   0.410268E-25   0.116119E-26  -0.886890E-27   0.410327E-25   0.115485E-26  -0.893696E-27   0.100000E+01   0.000000E+00   0.000000E+00   0.100000E+01   0.000000E+00   0.000000E+00
  36   0.206941E+01   0.409160E-25   0.115907E-26  -0.890785E-27   0.409162E-25   0.115225E-26  -0.890513E-27   0.100000E+01   0.000000E+00   0.000000E+00   0.100000E+01   0.000000E+00   0.000000E+00
  37   0.211079E+01   0.407896E-25   0.115549E-26  -0.888035E-27   0.407899E-25   0.115579E-26  -0.887764E-27   0.100000E+01   0.000000E+00   0.000000E+00   0.100000E+01   0.000000E+00   0.000000E+00
  38   0.215301E+01   0.406637E-25   0.115142E-26  -0.892028E-27   0.406615E-25   0.115215E-26  -0.884971E-27   0.100000E+01   0.000000E+00   0.000000E+00   0.100000E+01   0.000000E+00   0.000000E+00
  39   0.322951E+01   0.336352E-25   0.980803E-27  -0.755799E-27   0.336306E-25   0.982032E-27  -0.754398E-27   0.100000E+01   0.000000E+00   0.000000E+00   0.100000E+01   0.000000E+00   0.000000E+00
  40   0.484427E+01   0.270215E-25   0.771030E-27  -0.597072E-27   0.270223E-25   0.770923E-27  -0.597214E-27   0.100000E+01   0.000000E+00   0.000000E+00   0.100000E+01   0.000000E+00   0.000000E+00
  41   0.726641E+01   0.242969E-25   0.692670E-27  -0.528825E-27   0.242960E-25   0.692530E-27  -0.528915E-27   0.100000E+01   0.000000E+00   0.000000E+00   0.100000E+01   0.000000E+00   0.000000E+00
  42   0.108996E+02   0.227431E-25   0.640454E-27  -0.495005E-27   0.227432E-25   0.640098E-27  -0.495349E-27   0.100000E+01   0.000000E+00   0.000000E+00   0.100000E+01   0.000000E+00   0.000000E+00
  43   0.163494E+02   0.217586E-25   0.612322E-27  -0.470104E-27   0.217585E-25   0.612113E-27  -0.470296E-27   0.100000E+01   0.000000E+00   0.000000E+00   0.100000E+01   0.000000E+00   0.000000E+00
  44   0.245241E+02   0.211125E-25   0.595216E-27  -0.452646E-27   0.211134E-25   0.596955E-27  -0.452855E-27   0.100000E+01   0.000000E+00   0.000000E+00   0.100000E+01   0.000000E+00   0.000000E+00
  45   0.367862E+02   0.207004E-25   0.578164E-27  -0.447981E-27   0.206991E-25   0.581839E-27  -0.443646E-27   0.100000E+01   0.000000E+00   0.000000E+00   0.100000E+01   0.000000E+00   0.000000E+00
  46   0.551793E+02   0.204974E-25   0.573391E-27  -0.442733E-27   0.204935E-25   0.575749E-27  -0.439558E-27   0.100000E+01   0.000000E+00   0.000000E+00   0.100000E+01   0.000000E+00   0.000000E+00
  47   0.562829E+02   0.204895E-25   0.572257E-27  -0.439169E-27   0.204919E-25   0.573141E-27  -0.442706E-27   0.100000E+01   0.000000E+00   0.000000E+00   0.100000E+01   0.000000E+00   0.000000E+00
  48   0.574085E+02   0.204855E-25   0.572028E-27  -0.439205E-27   0.204878E-25   0.573027E-27  -0.442618E-27   0.100000E+01   0.000000E+00   0.000000E+00   0.100000E+01   0.000000E+00   0.000000E+00
  49   0.585567E+02   0.204816E-25   0.572036E-27  -0.438999E-27   0.204805E-25   0.572021E-27  -0.438961E-27   0.100000E+01   0.000000E+00   0.000000E+00   0.100000E+01   0.000000E+00   0.000000E+00
  50   0.597278E+02   0.204776E-25   0.572493E-27  -0.439244E-27   0.204773E-25   0.571930E-27  -0.438891E-27   0.100000E+01   0.000000E+00   0.000000E+00   0.352016E-18   0.169827E-19  -0.128680E-19
  51   0.609224E+02   0.204737E-25   0.571815E-27  -0.438829E-27   0.204761E-25   0.569135E-27  -0.442364E-27   0.100000E+01   0.000000E+00   0.000000E+00   0.103532E-18   0.483580E-20  -0.369033E-20
  52   0.621408E+02   0.204697E-25   0.575258E-27  -0.438865E-27   0.204722E-25   0.572703E-27  -0.442175E-27   0.100000E+01   0.000000E+00   0.000000E+00   0.311224E-19   0.141092E-20  -0.106741E-20
  53   0.633836E+02   0.204697E-25   0.571586E-27  -0.438865E-27   0.204685E-25   0.571686E-27  -0.438704E-27   0.100000E+01   0.000000E+00   0.000000E+00   0.955655E-20   0.419914E-21  -0.315075E-21
  54   0.646513E+02   0.204657E-25   0.571594E-27  -0.438660E-27   0.204682E-25   0.572477E-27  -0.442193E-27   0.100000E+01   0.000000E+00   0.000000E+00   0.299751E-20   0.126417E-21  -0.968628E-22
  55   0.659443E+02   0.204657E-25   0.571594E-27  -0.438660E-27   0.204647E-25   0.571579E-27  -0.438622E-27   0.100000E+01   0.000000E+00   0.000000E+00   0.959102E-21   0.391051E-22  -0.297266E-22
  56   0.672632E+02   0.204618E-25   0.574800E-27  -0.438938E-27   0.204641E-25   0.571563E-27  -0.438610E-27   0.100000E+01   0.000000E+00   0.000000E+00   0.312868E-21   0.124513E-22  -0.936530E-23
  57   0.686085E+02   0.204618E-25   0.571129E-27  -0.438938E-27   0.204639E-25   0.572356E-27  -0.442100E-27   0.100000E+01   0.000000E+00   0.000000E+00   0.103992E-21   0.398106E-23  -0.302073E-23
  58   0.699807E+02   0.204618E-25   0.571129E-27  -0.438938E-27   0.204604E-25   0.571459E-27  -0.438530E-27   0.100000E+01   0.000000E+00   0.000000E+00   0.351713E-22   0.129087E-23  -0.992165E-24
  59   0.713803E+02   0.204618E-25   0.571129E-27  -0.438938E-27   0.204604E-25   0.571459E-27  -0.438530E-27   0.100000E+01   0.000000E+00   0.000000E+00   0.120854E-22   0.428920E-24  -0.326994E-24
  60   0.728079E+02   0.204618E-25   0.571129E-27  -0.438938E-27   0.204604E-25   0.571459E-27  -0.438530E-27   0.100000E+01   0.000000E+00   0.000000E+00   0.421252E-23   0.144404E-24  -0.109873E-24
  61   0.742640E+02   0.204618E-25   0.571129E-27  -0.438938E-27   0.204604E-25   0.571459E-27  -0.438530E-27   0.100000E+01   0.000000E+00   0.000000E+00   0.148546E-23   0.487972E-25  -0.374977E-25
  62   0.757493E+02   0.204618E-25   0.571129E-27  -0.438938E-27   0.204639E-25   0.568796E-27  -0.442100E-27   0.100000E+01   0.000000E+00   0.000000E+00   0.527471E-24   0.167671E-25  -0.127995E-25
  63   0.772643E+02   0.204618E-25   0.571129E-27  -0.438938E-27   0.204639E-25   0.571452E-27  -0.438710E-27   0.100000E+01   0.000000E+00   0.000000E+00   0.187083E-24   0.571348E-26  -0.435885E-26
  64   0.788096E+02   0.204618E-25   0.574800E-27  -0.438938E-27   0.204641E-25   0.571563E-27  -0.438610E-27   0.100000E+01   0.000000E+00   0.000000E+00   0.649336E-25   0.190647E-26  -0.145748E-26
  65   0.803858E+02   0.204657E-25   0.571594E-27  -0.438660E-27   0.204647E-25   0.571579E-27  -0.438622E-27   0.100000E+01   0.000000E+00   0.000000E+00   0.204657E-25   0.571594E-27  -0.438660E-27
  66   0.819935E+02   0.204682E-25   0.571572E-27  -0.438802E-27   0.204670E-25   0.571644E-27  -0.438672E-27   0.100000E+01   0.000000E+00   0.000000E+00   0.204697E-25   0.568927E-27  -0.442257E-27
  67   0.836334E+02   0.204696E-25   0.571611E-27  -0.438832E-27   0.204684E-25   0.571683E-27  -0.438702E-27   0.100000E+01   0.000000E+00   0.000000E+00   0.204697E-25   0.571586E-27  -0.438865E-27
  68   0.853060E+02   0.204720E-25   0.571680E-27  -0.438885E-27   0.204743E-25   0.569087E-27  -0.442327E-27   0.100000E+01   0.000000E+00   0.000000E+00   0.204737E-25   0.571815E-27  -0.438829E-27
  69   0.870122E+02   0.204761E-25   0.571793E-27  -0.438972E-27   0.204749E-25   0.571865E-27  -0.438842E-27   0.100000E+01   0.000000E+00   0.000000E+00   0.204737E-25   0.571815E-27  -0.438829E-27
  70   0.887524E+02   0.204761E-25   0.571793E-27  -0.438972E-27   0.204784E-25   0.571858E-27  -0.439022E-27   0.100000E+01   0.000000E+00   0.000000E+00   0.204776E-25   0.572493E-27  -0.439244E-27
  71   0.905275E+02   0.204807E-25   0.571923E-27  -0.439072E-27   0.204831E-25   0.571988E-27  -0.439122E-27   0.100000E+01   0.000000E+00   0.000000E+00   0.204816E-25   0.572036E-27  -0.438999E-27
  72   0.923380E+02   0.204840E-25   0.572014E-27  -0.439142E-27   0.204863E-25   0.572079E-27  -0.439192E-27   0.100000E+01   0.000000E+00   0.000000E+00   0.204855E-25   0.572028E-27  -0.439205E-27
  73   0.941848E+02   0.204878E-25   0.572122E-27  -0.439224E-27   0.204902E-25   0.572187E-27  -0.439274E-27   0.100000E+01   0.000000E+00   0.000000E+00   0.204895E-25   0.572257E-27  -0.439169E-27
  74   0.960685E+02   0.204919E-25   0.572235E-27  -0.439311E-27   0.204942E-25   0.572301E-27  -0.439361E-27   0.100000E+01   0.000000E+00   0.000000E+00   0.204934E-25   0.572012E-27  -0.439617E-27
  75   0.979898E+02   0.204990E-25   0.572537E-27  -0.439357E-27   0.204980E-25   0.572508E-27  -0.439335E-27   0.100000E+01   0.000000E+00   0.000000E+00   0.204974E-25   0.572478E-27  -0.439338E-27
  76   0.146985E+03   0.206391E-25   0.576347E-27  -0.442468E-27   0.206380E-25   0.576419E-27  -0.442336E-27   0.168125E-21   0.643911E-23  -0.488098E-23   0.206365E-25   0.576393E-27  -0.439748E-27
  77   0.149924E+03   0.206460E-25   0.577987E-27  -0.438930E-27   0.206462E-25   0.576650E-27  -0.442513E-27   0.547063E-22   0.202425E-23  -0.152872E-23   0.206485E-25   0.576697E-27  -0.442576E-27
  78   0.152923E+03   0.206579E-25   0.573733E-27  -0.446079E-27   0.206572E-25   0.576851E-27  -0.442855E-27   0.181062E-22   0.645493E-24  -0.492883E-24   0.206565E-25   0.576920E-27  -0.442747E-27
  79   0.155981E+03   0.206659E-25   0.574665E-27  -0.442802E-27   0.206659E-25   0.577094E-27  -0.443041E-27   0.608248E-23   0.208367E-24  -0.159518E-24   0.206644E-25   0.577143E-27  -0.442919E-27
  80   0.159101E+03   0.206739E-25   0.578768E-27  -0.439523E-27   0.206777E-25   0.573713E-27  -0.443294E-27   0.206913E-23   0.685606E-25  -0.525585E-25   0.206764E-25   0.577358E-27  -0.443298E-27
  81   0.162283E+03   0.206858E-25   0.575218E-27  -0.443228E-27   0.206858E-25   0.577649E-27  -0.443467E-27   0.709612E-24   0.225820E-25  -0.173223E-25   0.206844E-25   0.577343E-27  -0.443713E-27
  82   0.165529E+03   0.206935E-25   0.579034E-27  -0.443394E-27   0.206937E-25   0.577974E-27  -0.443529E-27   0.243503E-24   0.745300E-26  -0.570746E-26   0.206964E-25   0.574324E-27  -0.443604E-27
  83   0.168839E+03   0.207024E-25   0.579568E-27  -0.440128E-27   0.207062E-25   0.574505E-27  -0.443905E-27   0.820542E-25   0.240967E-26  -0.185382E-26   0.207044E-25   0.578260E-27  -0.443775E-27
  84   0.172216E+03   0.207139E-25   0.576000E-27  -0.443830E-27   0.207139E-25   0.578434E-27  -0.444070E-27   0.251778E-25   0.704202E-27  -0.543940E-27   0.207138E-25   0.578536E-27  -0.443961E-27
  85   0.175660E+03   0.207233E-25   0.580151E-27  -0.440573E-27   0.207235E-25   0.578809E-27  -0.444170E-27   0.207260E-25   0.575055E-27  -0.444330E-27   0.207249E-25   0.578741E-27  -0.444306E-27
  86   0.179174E+03   0.207343E-25   0.576567E-27  -0.444267E-27   0.207343E-25   0.579003E-27  -0.444507E-27   0.207366E-25   0.575349E-27  -0.444558E-27   0.207355E-25   0.575319E-27  -0.444534E-27
  87   0.182757E+03   0.207449E-25   0.579406E-27  -0.444628E-27   0.207439E-25   0.579377E-27  -0.444606E-27   0.207463E-25   0.575619E-27  -0.444766E-27   0.207452E-25   0.579309E-27  -0.444742E-27
  88   0.186412E+03   0.207546E-25   0.577132E-27  -0.444703E-27   0.207546E-25   0.579571E-27  -0.444943E-27   0.207570E-25   0.575914E-27  -0.444994E-27   0.207559E-25   0.579606E-27  -0.444970E-27
  89   0.190140E+03   0.207653E-25   0.577428E-27  -0.444931E-27   0.207652E-25   0.579868E-27  -0.445172E-27   0.207676E-25   0.576209E-27  -0.445222E-27   0.207665E-25   0.576178E-27  -0.445198E-27
  90   0.193943E+03   0.207759E-25   0.580272E-27  -0.445293E-27   0.207749E-25   0.580243E-27  -0.445270E-27   0.207773E-25   0.576479E-27  -0.445431E-27   0.207762E-25   0.580175E-27  -0.445407E-27
  91   0.197822E+03   0.207856E-25   0.581897E-27  -0.441899E-27   0.207859E-25   0.580551E-27  -0.445507E-27   0.207884E-25   0.576785E-27  -0.445667E-27   0.207873E-25   0.576754E-27  -0.445643E-27
  92   0.201779E+03   0.207967E-25   0.580852E-27  -0.445738E-27   0.207992E-25   0.577085E-27  -0.445899E-27   0.207980E-25   0.577054E-27  -0.445875E-27   0.207969E-25   0.580753E-27  -0.445851E-27
  93   0.205814E+03   0.208063E-25   0.582477E-27  -0.442339E-27   0.208101E-25   0.577389E-27  -0.446134E-27   0.208090E-25   0.577358E-27  -0.446110E-27   0.208079E-25   0.581060E-27  -0.446086E-27
  94   0.209930E+03   0.208173E-25   0.582784E-27  -0.442572E-27   0.208176E-25   0.581436E-27  -0.446186E-27   0.208201E-25   0.577665E-27  -0.446347E-27   0.208189E-25   0.581368E-27  -0.446323E-27
  95   0.314896E+03   0.210339E-25   0.588302E-27  -0.447446E-27   0.210372E-25   0.583690E-27  -0.451002E-27   0.210361E-25   0.587432E-27  -0.450978E-27   0.210349E-25   0.587506E-27  -0.450844E-27
  96   0.472343E+03   0.211947E-25   0.588060E-27  -0.454379E-27   0.211936E-25   0.588028E-27  -0.454354E-27   0.211924E-25   0.592736E-27  -0.450818E-27   0.211958E-25   0.588089E-27  -0.454401E-27
  97   0.708515E+03   0.212377E-25   0.593063E-27  -0.455301E-27   0.212402E-25   0.589320E-27  -0.455353E-27   0.212390E-25   0.589289E-27  -0.455328E-27   0.212379E-25   0.593066E-27  -0.455304E-27
  98   0.106277E+04   0.211721E-25   0.591336E-27  -0.453783E-27   0.211746E-25   0.587501E-27  -0.453947E-27   0.211734E-25   0.587469E-27  -0.453923E-27   0.211723E-25   0.591236E-27  -0.453898E-27
  99   0.159416E+04   0.210781E-25   0.584932E-27  -0.451770E-27   0.210771E-25   0.589510E-27  -0.448365E-27   0.210804E-25   0.584889E-27  -0.451928E-27   0.210793E-25   0.584857E-27  -0.451904E-27
 100   0.239124E+04   0.210532E-25   0.584240E-27  -0.451236E-27   0.210522E-25   0.584105E-27  -0.451323E-27   0.210510E-25   0.585119E-27  -0.447810E-27   0.210509E-25   0.585116E-27  -0.447808E-27
 101   0.358686E+04   0.211222E-25   0.582260E-27  -0.452824E-27   0.211199E-25   0.587148E-27  -0.449168E-27   0.211199E-25   0.587034E-27  -0.449276E-27   0.211198E-25   0.587031E-27  -0.449274E-27
 102   0.538029E+04   0.212704E-25   0.590795E-27  -0.449602E-27   0.212727E-25   0.588103E-27  -0.452280E-27   0.212724E-25   0.588093E-27  -0.452272E-27   0.212720E-25   0.588083E-27  -0.452264E-27
 103   0.807043E+04   0.214831E-25   0.593389E-27  -0.457003E-27   0.214822E-25   0.593894E-27  -0.456733E-27   0.214818E-25   0.593884E-27  -0.456726E-27   0.214815E-25   0.593874E-27  -0.456718E-27
 104   0.121056E+05   0.217354E-25   0.600475E-27  -0.462257E-27   0.217346E-25   0.600872E-27  -0.462100E-27   0.217342E-25   0.600862E-27  -0.462092E-27   0.217339E-25   0.600851E-27  -0.462084E-27
 105   0.181585E+05   0.220095E-25   0.612028E-27  -0.464554E-27   0.220126E-25   0.608557E-27  -0.468010E-27   0.220122E-25   0.608547E-27  -0.468002E-27   0.220119E-25   0.608537E-27  -0.467994E-27
 106   0.272377E+05   0.223062E-25   0.616398E-27  -0.470817E-27   0.223064E-25   0.616523E-27  -0.470705E-27   0.223067E-25   0.616531E-27  -0.470710E-27   0.223069E-25   0.616266E-27  -0.474412E-27
 107   0.408566E+05   0.226164E-25   0.624815E-27  -0.480995E-27   0.226156E-25   0.625228E-27  -0.480831E-27   0.226152E-25   0.625217E-27  -0.480822E-27   0.226148E-25   0.625206E-27  -0.480814E-27
 108   0.612848E+05   0.229329E-25   0.633435E-27  -0.487845E-27   0.229320E-25   0.633974E-27  -0.487557E-27   0.229316E-25   0.633964E-27  -0.487549E-27   0.229312E-25   0.633953E-27  -0.487541E-27
 109   0.919272E+05   0.232537E-25   0.638252E-27  -0.494669E-27   0.232536E-25   0.638851E-27  -0.494367E-27   0.232541E-25   0.638864E-27  -0.494377E-27   0.232546E-25   0.638876E-27  -0.494387E-27
 110   0.137891E+06   0.235800E-25   0.647210E-27  -0.501609E-27   0.235799E-25   0.647815E-27  -0.501304E-27   0.235764E-25   0.651625E-27  -0.497504E-27   0.235767E-25   0.651632E-27  -0.497510E-27
 111   0.300000E+06   0.242078E-25   0.669076E-27  -0.510828E-27   0.242081E-25   0.664873E-27  -0.510834E-27   0.242082E-25   0.664811E-27  -0.510621E-27   0.242083E-25   0.664812E-27  -0.510622E-27
