# Thermal sigma v for some different final states
# The final states are:
# Case 1: PDG = 12
# Case 2: PDG = 15
# Case 3: PDG =  6
# Case 4: PDG = 24
#  i     Mass [GeV]      sigvmid_1     sigvperr_1     sigvmerr_1      sigvmid_2     sigvperr_2     sigvmerr_2      sigvmid_3     sigvperr_3     sigvmerr_3      sigvmid_4     sigvperr_4     sigvmerr_4, sigv in units of cm^3/s^1
   1   0.100000E-02   0.116886E-24   0.337522E-26  -0.258346E-26   0.100000E+01   0.000000E+00   0.000000E+00   0.100000E+01   0.000000E+00   0.000000E+00   0.100000E+01   0.000000E+00   0.000000E+00
   2   0.110000E-02   0.116977E-24   0.337335E-26  -0.260482E-26   0.100000E+01   0.000000E+00   0.000000E+00   0.100000E+01   0.000000E+00   0.000000E+00   0.100000E+01   0.000000E+00   0.000000E+00
   3   0.121000E-02   0.116728E-24   0.338727E-26  -0.259858E-26   0.100000E+01   0.000000E+00   0.000000E+00   0.100000E+01   0.000000E+00   0.000000E+00   0.100000E+01   0.000000E+00   0.000000E+00
   4   0.133100E-02   0.116121E-24   0.336739E-26  -0.258719E-26   0.100000E+01   0.000000E+00   0.000000E+00   0.100000E+01   0.000000E+00   0.000000E+00   0.100000E+01   0.000000E+00   0.000000E+00
   5   0.146410E-02   0.115093E-24   0.334056E-26  -0.258194E-26   0.100000E+01   0.000000E+00   0.000000E+00   0.100000E+01   0.000000E+00   0.000000E+00   0.100000E+01   0.000000E+00   0.000000E+00
   6   0.161051E-02   0.113613E-24   0.331812E-26  -0.254802E-26   0.100000E+01   0.000000E+00   0.000000E+00   0.100000E+01   0.000000E+00   0.000000E+00   0.100000E+01   0.000000E+00   0.000000E+00
   7   0.177156E-02   0.111697E-24   0.326217E-26  -0.250506E-26   0.100000E+01   0.000000E+00   0.000000E+00   0.100000E+01   0.000000E+00   0.000000E+00   0.100000E+01   0.000000E+00   0.000000E+00
   8   0.194872E-02   0.109390E-24   0.321386E-26  -0.245332E-26   0.100000E+01   0.000000E+00   0.000000E+00   0.100000E+01   0.000000E+00   0.000000E+00   0.100000E+01   0.000000E+00   0.000000E+00
   9   0.214359E-02   0.100028E-24   0.291162E-26  -0.225262E-26   0.100000E+01   0.000000E+00   0.000000E+00   0.100000E+01   0.000000E+00   0.000000E+00   0.100000E+01   0.000000E+00   0.000000E+00
  10   0.235795E-02   0.976220E-25   0.285046E-26  -0.218999E-26   0.100000E+01   0.000000E+00   0.000000E+00   0.100000E+01   0.000000E+00   0.000000E+00   0.100000E+01   0.000000E+00   0.000000E+00
  11   0.259374E-02   0.952186E-25   0.278090E-26  -0.213549E-26   0.100000E+01   0.000000E+00   0.000000E+00   0.100000E+01   0.000000E+00   0.000000E+00   0.100000E+01   0.000000E+00   0.000000E+00
  12   0.285312E-02   0.929461E-25   0.271272E-26  -0.208625E-26   0.100000E+01   0.000000E+00   0.000000E+00   0.100000E+01   0.000000E+00   0.000000E+00   0.100000E+01   0.000000E+00   0.000000E+00
  13   0.313843E-02   0.909034E-25   0.263904E-26  -0.203871E-26   0.100000E+01   0.000000E+00   0.000000E+00   0.100000E+01   0.000000E+00   0.000000E+00   0.100000E+01   0.000000E+00   0.000000E+00
  14   0.345227E-02   0.891292E-25   0.258753E-26  -0.199892E-26   0.100000E+01   0.000000E+00   0.000000E+00   0.100000E+01   0.000000E+00   0.000000E+00   0.100000E+01   0.000000E+00   0.000000E+00
  15   0.379750E-02   0.876433E-25   0.254157E-26  -0.195270E-26   0.100000E+01   0.000000E+00   0.000000E+00   0.100000E+01   0.000000E+00   0.000000E+00   0.100000E+01   0.000000E+00   0.000000E+00
  16   0.417725E-02   0.864323E-25   0.249140E-26  -0.192572E-26   0.100000E+01   0.000000E+00   0.000000E+00   0.100000E+01   0.000000E+00   0.000000E+00   0.100000E+01   0.000000E+00   0.000000E+00
  17   0.459497E-02   0.854359E-25   0.245582E-26  -0.189930E-26   0.100000E+01   0.000000E+00   0.000000E+00   0.100000E+01   0.000000E+00   0.000000E+00   0.100000E+01   0.000000E+00   0.000000E+00
  18   0.505447E-02   0.846471E-25   0.243670E-26  -0.187811E-26   0.100000E+01   0.000000E+00   0.000000E+00   0.100000E+01   0.000000E+00   0.000000E+00   0.100000E+01   0.000000E+00   0.000000E+00
  19   0.555992E-02   0.840278E-25   0.242639E-26  -0.185721E-26   0.100000E+01   0.000000E+00   0.000000E+00   0.100000E+01   0.000000E+00   0.000000E+00   0.100000E+01   0.000000E+00   0.000000E+00
  20   0.611591E-02   0.835583E-25   0.241017E-26  -0.183249E-26   0.100000E+01   0.000000E+00   0.000000E+00   0.100000E+01   0.000000E+00   0.000000E+00   0.100000E+01   0.000000E+00   0.000000E+00
  21   0.672750E-02   0.832199E-25   0.238537E-26  -0.184239E-26   0.100000E+01   0.000000E+00   0.000000E+00   0.100000E+01   0.000000E+00   0.000000E+00   0.100000E+01   0.000000E+00   0.000000E+00
  22   0.740025E-02   0.829790E-25   0.238218E-26  -0.183352E-26   0.100000E+01   0.000000E+00   0.000000E+00   0.100000E+01   0.000000E+00   0.000000E+00   0.100000E+01   0.000000E+00   0.000000E+00
  23   0.814027E-02   0.828348E-25   0.235975E-26  -0.181831E-26   0.100000E+01   0.000000E+00   0.000000E+00   0.100000E+01   0.000000E+00   0.000000E+00   0.100000E+01   0.000000E+00   0.000000E+00
  24   0.895430E-02   0.827548E-25   0.237259E-26  -0.181487E-26   0.100000E+01   0.000000E+00   0.000000E+00   0.100000E+01   0.000000E+00   0.000000E+00   0.100000E+01   0.000000E+00   0.000000E+00
  25   0.984973E-02   0.827708E-25   0.236019E-26  -0.183043E-26   0.100000E+01   0.000000E+00   0.000000E+00   0.100000E+01   0.000000E+00   0.000000E+00   0.100000E+01   0.000000E+00   0.000000E+00
  26   0.108347E-01   0.828188E-25   0.236000E-26  -0.181627E-26   0.100000E+01   0.000000E+00   0.000000E+00   0.100000E+01   0.000000E+00   0.000000E+00   0.100000E+01   0.000000E+00   0.000000E+00
  27   0.119182E-01   0.829309E-25   0.236267E-26  -0.181923E-26   0.100000E+01   0.000000E+00   0.000000E+00   0.100000E+01   0.000000E+00   0.000000E+00   0.100000E+01   0.000000E+00   0.000000E+00
  28   0.131100E-01   0.830753E-25   0.236836E-26  -0.180814E-26   0.100000E+01   0.000000E+00   0.000000E+00   0.100000E+01   0.000000E+00   0.000000E+00   0.100000E+01   0.000000E+00   0.000000E+00
  29   0.144210E-01   0.832681E-25   0.237385E-26  -0.181234E-26   0.100000E+01   0.000000E+00   0.000000E+00   0.100000E+01   0.000000E+00   0.000000E+00   0.100000E+01   0.000000E+00   0.000000E+00
  30   0.158631E-01   0.835098E-25   0.236463E-26  -0.183193E-26   0.100000E+01   0.000000E+00   0.000000E+00   0.100000E+01   0.000000E+00   0.000000E+00   0.100000E+01   0.000000E+00   0.000000E+00
  31   0.174494E-01   0.837684E-25   0.237195E-26  -0.183760E-26   0.100000E+01   0.000000E+00   0.000000E+00   0.100000E+01   0.000000E+00   0.000000E+00   0.100000E+01   0.000000E+00   0.000000E+00
  32   0.191943E-01   0.840441E-25   0.239598E-26  -0.182923E-26   0.100000E+01   0.000000E+00   0.000000E+00   0.100000E+01   0.000000E+00   0.000000E+00   0.100000E+01   0.000000E+00   0.000000E+00
  33   0.211138E-01   0.838980E-25   0.237667E-26  -0.182655E-26   0.100000E+01   0.000000E+00   0.000000E+00   0.100000E+01   0.000000E+00   0.000000E+00   0.100000E+01   0.000000E+00   0.000000E+00
  34   0.232252E-01   0.842066E-25   0.240061E-26  -0.183276E-26   0.100000E+01   0.000000E+00   0.000000E+00   0.100000E+01   0.000000E+00   0.000000E+00   0.100000E+01   0.000000E+00   0.000000E+00
  35   0.255477E-01   0.845491E-25   0.239512E-26  -0.184072E-26   0.100000E+01   0.000000E+00   0.000000E+00   0.100000E+01   0.000000E+00   0.000000E+00   0.100000E+01   0.000000E+00   0.000000E+00
  36   0.281024E-01   0.848929E-25   0.240539E-26  -0.184770E-26   0.100000E+01   0.000000E+00   0.000000E+00   0.100000E+01   0.000000E+00   0.000000E+00   0.100000E+01   0.000000E+00   0.000000E+00
  37   0.309127E-01   0.852710E-25   0.240072E-26  -0.185644E-26   0.100000E+01   0.000000E+00   0.000000E+00   0.100000E+01   0.000000E+00   0.000000E+00   0.100000E+01   0.000000E+00   0.000000E+00
  38   0.340039E-01   0.856343E-25   0.243969E-26  -0.186538E-26   0.100000E+01   0.000000E+00   0.000000E+00   0.100000E+01   0.000000E+00   0.000000E+00   0.100000E+01   0.000000E+00   0.000000E+00
  39   0.374043E-01   0.860324E-25   0.243605E-26  -0.187405E-26   0.100000E+01   0.000000E+00   0.000000E+00   0.100000E+01   0.000000E+00   0.000000E+00   0.100000E+01   0.000000E+00   0.000000E+00
  40   0.411448E-01   0.864323E-25   0.244631E-26  -0.186844E-26   0.100000E+01   0.000000E+00   0.000000E+00   0.100000E+01   0.000000E+00   0.000000E+00   0.100000E+01   0.000000E+00   0.000000E+00
  41   0.452593E-01   0.868509E-25   0.246087E-26  -0.189032E-26   0.100000E+01   0.000000E+00   0.000000E+00   0.100000E+01   0.000000E+00   0.000000E+00   0.100000E+01   0.000000E+00   0.000000E+00
  42   0.497852E-01   0.872715E-25   0.247224E-26  -0.189999E-26   0.100000E+01   0.000000E+00   0.000000E+00   0.100000E+01   0.000000E+00   0.000000E+00   0.100000E+01   0.000000E+00   0.000000E+00
  43   0.547637E-01   0.877110E-25   0.246611E-26  -0.191272E-26   0.100000E+01   0.000000E+00   0.000000E+00   0.100000E+01   0.000000E+00   0.000000E+00   0.100000E+01   0.000000E+00   0.000000E+00
  44   0.602401E-01   0.881358E-25   0.248193E-26  -0.191828E-26   0.100000E+01   0.000000E+00   0.000000E+00   0.100000E+01   0.000000E+00   0.000000E+00   0.100000E+01   0.000000E+00   0.000000E+00
  45   0.662641E-01   0.885626E-25   0.250771E-26  -0.191343E-26   0.100000E+01   0.000000E+00   0.000000E+00   0.100000E+01   0.000000E+00   0.000000E+00   0.100000E+01   0.000000E+00   0.000000E+00
  46   0.728905E-01   0.890087E-25   0.251923E-26  -0.192413E-26   0.100000E+01   0.000000E+00   0.000000E+00   0.100000E+01   0.000000E+00   0.000000E+00   0.100000E+01   0.000000E+00   0.000000E+00
  47   0.801795E-01   0.894570E-25   0.253303E-26  -0.193276E-26   0.100000E+01   0.000000E+00   0.000000E+00   0.100000E+01   0.000000E+00   0.000000E+00   0.100000E+01   0.000000E+00   0.000000E+00
  48   0.881975E-01   0.899076E-25   0.254242E-26  -0.194570E-26   0.100000E+01   0.000000E+00   0.000000E+00   0.100000E+01   0.000000E+00   0.000000E+00   0.100000E+01   0.000000E+00   0.000000E+00
  49   0.970172E-01   0.903605E-25   0.254289E-26  -0.195228E-26   0.100000E+01   0.000000E+00   0.000000E+00   0.100000E+01   0.000000E+00   0.000000E+00   0.100000E+01   0.000000E+00   0.000000E+00
  50   0.106719E+00   0.908156E-25   0.257037E-26  -0.196319E-26   0.100000E+01   0.000000E+00   0.000000E+00   0.100000E+01   0.000000E+00   0.000000E+00   0.100000E+01   0.000000E+00   0.000000E+00
  51   0.117391E+00   0.912907E-25   0.256964E-26  -0.197183E-26   0.100000E+01   0.000000E+00   0.000000E+00   0.100000E+01   0.000000E+00   0.000000E+00   0.100000E+01   0.000000E+00   0.000000E+00
  52   0.129130E+00   0.917682E-25   0.258365E-26  -0.199789E-26   0.100000E+01   0.000000E+00   0.000000E+00   0.100000E+01   0.000000E+00   0.000000E+00   0.100000E+01   0.000000E+00   0.000000E+00
  53   0.142043E+00   0.922304E-25   0.259436E-26  -0.199378E-26   0.100000E+01   0.000000E+00   0.000000E+00   0.100000E+01   0.000000E+00   0.000000E+00   0.100000E+01   0.000000E+00   0.000000E+00
  54   0.156247E+00   0.926950E-25   0.262472E-26  -0.200272E-26   0.100000E+01   0.000000E+00   0.000000E+00   0.100000E+01   0.000000E+00   0.000000E+00   0.100000E+01   0.000000E+00   0.000000E+00
  55   0.171872E+00   0.931619E-25   0.262006E-26  -0.200010E-26   0.100000E+01   0.000000E+00   0.000000E+00   0.100000E+01   0.000000E+00   0.000000E+00   0.100000E+01   0.000000E+00   0.000000E+00
  56   0.189059E+00   0.936311E-25   0.261980E-26  -0.203845E-26   0.100000E+01   0.000000E+00   0.000000E+00   0.100000E+01   0.000000E+00   0.000000E+00   0.100000E+01   0.000000E+00   0.000000E+00
  57   0.207965E+00   0.939937E-25   0.265836E-26  -0.201520E-26   0.100000E+01   0.000000E+00   0.000000E+00   0.100000E+01   0.000000E+00   0.000000E+00   0.100000E+01   0.000000E+00   0.000000E+00
  58   0.228762E+00   0.944306E-25   0.264217E-26  -0.205586E-26   0.100000E+01   0.000000E+00   0.000000E+00   0.100000E+01   0.000000E+00   0.000000E+00   0.100000E+01   0.000000E+00   0.000000E+00
  59   0.251638E+00   0.948146E-25   0.267001E-26  -0.206365E-26   0.100000E+01   0.000000E+00   0.000000E+00   0.100000E+01   0.000000E+00   0.000000E+00   0.100000E+01   0.000000E+00   0.000000E+00
  60   0.276801E+00   0.951450E-25   0.267813E-26  -0.205508E-26   0.100000E+01   0.000000E+00   0.000000E+00   0.100000E+01   0.000000E+00   0.000000E+00   0.100000E+01   0.000000E+00   0.000000E+00
  61   0.304482E+00   0.954212E-25   0.266751E-26  -0.206275E-26   0.100000E+01   0.000000E+00   0.000000E+00   0.100000E+01   0.000000E+00   0.000000E+00   0.100000E+01   0.000000E+00   0.000000E+00
  62   0.334930E+00   0.955873E-25   0.269177E-26  -0.208046E-26   0.100000E+01   0.000000E+00   0.000000E+00   0.100000E+01   0.000000E+00   0.000000E+00   0.100000E+01   0.000000E+00   0.000000E+00
  63   0.368423E+00   0.956058E-25   0.270714E-26  -0.206560E-26   0.100000E+01   0.000000E+00   0.000000E+00   0.100000E+01   0.000000E+00   0.000000E+00   0.100000E+01   0.000000E+00   0.000000E+00
  64   0.405265E+00   0.954950E-25   0.268418E-26  -0.206628E-26   0.100000E+01   0.000000E+00   0.000000E+00   0.100000E+01   0.000000E+00   0.000000E+00   0.100000E+01   0.000000E+00   0.000000E+00
  65   0.445792E+00   0.952370E-25   0.268131E-26  -0.207341E-26   0.100000E+01   0.000000E+00   0.000000E+00   0.100000E+01   0.000000E+00   0.000000E+00   0.100000E+01   0.000000E+00   0.000000E+00
  66   0.490371E+00   0.948513E-25   0.267104E-26  -0.206445E-26   0.100000E+01   0.000000E+00   0.000000E+00   0.100000E+01   0.000000E+00   0.000000E+00   0.100000E+01   0.000000E+00   0.000000E+00
  67   0.539408E+00   0.943759E-25   0.265766E-26  -0.205410E-26   0.100000E+01   0.000000E+00   0.000000E+00   0.100000E+01   0.000000E+00   0.000000E+00   0.100000E+01   0.000000E+00   0.000000E+00
  68   0.593349E+00   0.938304E-25   0.265745E-26  -0.202669E-26   0.100000E+01   0.000000E+00   0.000000E+00   0.100000E+01   0.000000E+00   0.000000E+00   0.100000E+01   0.000000E+00   0.000000E+00
  69   0.652683E+00   0.932519E-25   0.262601E-26  -0.202964E-26   0.100000E+01   0.000000E+00   0.000000E+00   0.100000E+01   0.000000E+00   0.000000E+00   0.100000E+01   0.000000E+00   0.000000E+00
  70   0.717952E+00   0.926413E-25   0.262378E-26  -0.200100E-26   0.100000E+01   0.000000E+00   0.000000E+00   0.100000E+01   0.000000E+00   0.000000E+00   0.100000E+01   0.000000E+00   0.000000E+00
  71   0.789747E+00   0.920346E-25   0.259173E-26  -0.200314E-26   0.100000E+01   0.000000E+00   0.000000E+00   0.100000E+01   0.000000E+00   0.000000E+00   0.100000E+01   0.000000E+00   0.000000E+00
  72   0.868722E+00   0.914142E-25   0.257254E-26  -0.197504E-26   0.100000E+01   0.000000E+00   0.000000E+00   0.100000E+01   0.000000E+00   0.000000E+00   0.100000E+01   0.000000E+00   0.000000E+00
  73   0.955594E+00   0.908156E-25   0.255456E-26  -0.196319E-26   0.100000E+01   0.000000E+00   0.000000E+00   0.100000E+01   0.000000E+00   0.000000E+00   0.100000E+01   0.000000E+00   0.000000E+00
  74   0.105115E+01   0.902209E-25   0.255466E-26  -0.194926E-26   0.100000E+01   0.000000E+00   0.000000E+00   0.100000E+01   0.000000E+00   0.000000E+00   0.100000E+01   0.000000E+00   0.000000E+00
  75   0.115627E+01   0.896647E-25   0.252442E-26  -0.195210E-26   0.100000E+01   0.000000E+00   0.000000E+00   0.100000E+01   0.000000E+00   0.000000E+00   0.100000E+01   0.000000E+00   0.000000E+00
  76   0.117939E+01   0.895435E-25   0.252158E-26  -0.194892E-26   0.100000E+01   0.000000E+00   0.000000E+00   0.100000E+01   0.000000E+00   0.000000E+00   0.100000E+01   0.000000E+00   0.000000E+00
  77   0.120298E+01   0.894224E-25   0.253094E-26  -0.193308E-26   0.100000E+01   0.000000E+00   0.000000E+00   0.100000E+01   0.000000E+00   0.000000E+00   0.100000E+01   0.000000E+00   0.000000E+00
  78   0.122704E+01   0.893188E-25   0.251469E-26  -0.194457E-26   0.100000E+01   0.000000E+00   0.000000E+00   0.100000E+01   0.000000E+00   0.000000E+00   0.100000E+01   0.000000E+00   0.000000E+00
  79   0.125158E+01   0.891981E-25   0.251185E-26  -0.194140E-26   0.100000E+01   0.000000E+00   0.000000E+00   0.100000E+01   0.000000E+00   0.000000E+00   0.100000E+01   0.000000E+00   0.000000E+00
  80   0.127661E+01   0.890775E-25   0.251894E-26  -0.192774E-26   0.100000E+01   0.000000E+00   0.000000E+00   0.100000E+01   0.000000E+00   0.000000E+00   0.100000E+01   0.000000E+00   0.000000E+00
  81   0.130215E+01   0.889743E-25   0.250499E-26  -0.193707E-26   0.100000E+01   0.000000E+00   0.000000E+00   0.100000E+01   0.000000E+00   0.000000E+00   0.100000E+01   0.000000E+00   0.000000E+00
  82   0.132819E+01   0.888540E-25   0.250216E-26  -0.193391E-26   0.364969E-18   0.175996E-19  -0.133345E-19   0.100000E+01   0.000000E+00   0.000000E+00   0.100000E+01   0.000000E+00   0.000000E+00
  83   0.135475E+01   0.887339E-25   0.249600E-26  -0.191819E-26   0.116440E-18   0.544362E-20  -0.411231E-20   0.100000E+01   0.000000E+00   0.000000E+00   0.100000E+01   0.000000E+00   0.000000E+00
  84   0.138185E+01   0.886140E-25   0.250972E-26  -0.191402E-26   0.379324E-19   0.171964E-20  -0.130098E-20   0.100000E+01   0.000000E+00   0.000000E+00   0.100000E+01   0.000000E+00   0.000000E+00
  85   0.140948E+01   0.884942E-25   0.250577E-26  -0.191195E-26   0.126056E-19   0.551031E-21  -0.419613E-21   0.100000E+01   0.000000E+00   0.000000E+00   0.100000E+01   0.000000E+00   0.000000E+00
  86   0.143767E+01   0.883916E-25   0.247974E-26  -0.191711E-26   0.427244E-20   0.180336E-21  -0.136886E-21   0.100000E+01   0.000000E+00   0.000000E+00   0.100000E+01   0.000000E+00   0.000000E+00
  87   0.146643E+01   0.882551E-25   0.249300E-26  -0.189530E-26   0.147547E-20   0.604052E-22  -0.457435E-22   0.100000E+01   0.000000E+00   0.000000E+00   0.100000E+01   0.000000E+00   0.000000E+00
  88   0.149576E+01   0.881358E-25   0.248083E-26  -0.190369E-26   0.518887E-21   0.204389E-22  -0.155758E-22   0.100000E+01   0.000000E+00   0.000000E+00   0.100000E+01   0.000000E+00   0.000000E+00
  89   0.152567E+01   0.880166E-25   0.247693E-26  -0.190164E-26   0.185645E-21   0.707909E-23  -0.538816E-23   0.100000E+01   0.000000E+00   0.000000E+00   0.100000E+01   0.000000E+00   0.000000E+00
  90   0.155619E+01   0.878807E-25   0.248840E-26  -0.189870E-26   0.674935E-22   0.249731E-23  -0.189233E-23   0.100000E+01   0.000000E+00   0.000000E+00   0.100000E+01   0.000000E+00   0.000000E+00
  91   0.158731E+01   0.877449E-25   0.248455E-26  -0.189577E-26   0.249058E-22   0.887115E-24  -0.674989E-24   0.100000E+01   0.000000E+00   0.000000E+00   0.100000E+01   0.000000E+00   0.000000E+00
  92   0.161906E+01   0.876094E-25   0.248072E-26  -0.189284E-26   0.931210E-23   0.317796E-24  -0.242682E-24   0.100000E+01   0.000000E+00   0.000000E+00   0.100000E+01   0.000000E+00   0.000000E+00
  93   0.165144E+01   0.874741E-25   0.246275E-26  -0.190440E-26   0.351688E-23   0.116196E-24  -0.881969E-25   0.100000E+01   0.000000E+00   0.000000E+00   0.100000E+01   0.000000E+00   0.000000E+00
  94   0.168446E+01   0.873221E-25   0.245793E-26  -0.188611E-26   0.133619E-23   0.425406E-25  -0.321852E-25   0.100000E+01   0.000000E+00   0.000000E+00   0.100000E+01   0.000000E+00   0.000000E+00
  95   0.171815E+01   0.871703E-25   0.244984E-26  -0.188647E-26   0.506299E-24   0.154623E-25  -0.117963E-25   0.100000E+01   0.000000E+00   0.000000E+00   0.100000E+01   0.000000E+00   0.000000E+00
  96   0.175252E+01   0.870020E-25   0.246352E-26  -0.187972E-26   0.187227E-24   0.546441E-26  -0.420246E-26   0.100000E+01   0.000000E+00   0.000000E+00   0.100000E+01   0.000000E+00   0.000000E+00
  97   0.178757E+01   0.868509E-25   0.244575E-26  -0.189032E-26   0.868513E-25   0.244439E-26  -0.189163E-26   0.100000E+01   0.000000E+00   0.000000E+00   0.100000E+01   0.000000E+00   0.000000E+00
  98   0.182332E+01   0.866664E-25   0.245402E-26  -0.187247E-26   0.866799E-25   0.243957E-26  -0.188790E-26   0.100000E+01   0.000000E+00   0.000000E+00   0.100000E+01   0.000000E+00   0.000000E+00
  99   0.185979E+01   0.864991E-25   0.243094E-26  -0.188621E-26   0.864953E-25   0.243330E-26  -0.186954E-26   0.100000E+01   0.000000E+00   0.000000E+00   0.100000E+01   0.000000E+00   0.000000E+00
 100   0.189698E+01   0.863155E-25   0.243067E-26  -0.187866E-26   0.863159E-25   0.242932E-26  -0.187997E-26   0.100000E+01   0.000000E+00   0.000000E+00   0.100000E+01   0.000000E+00   0.000000E+00
 101   0.193492E+01   0.861155E-25   0.242504E-26  -0.187431E-26   0.861159E-25   0.242263E-26  -0.186134E-26   0.100000E+01   0.000000E+00   0.000000E+00   0.100000E+01   0.000000E+00   0.000000E+00
 102   0.197362E+01   0.859161E-25   0.241943E-26  -0.186997E-26   0.859165E-25   0.241808E-26  -0.187127E-26   0.100000E+01   0.000000E+00   0.000000E+00   0.100000E+01   0.000000E+00   0.000000E+00
 103   0.201309E+01   0.857005E-25   0.241916E-26  -0.185874E-26   0.857066E-25   0.241217E-26  -0.186670E-26   0.100000E+01   0.000000E+00   0.000000E+00   0.100000E+01   0.000000E+00   0.000000E+00
 104   0.205335E+01   0.854855E-25   0.240730E-26  -0.186060E-26   0.854859E-25   0.240596E-26  -0.186189E-26   0.100000E+01   0.000000E+00   0.000000E+00   0.100000E+01   0.000000E+00   0.000000E+00
 105   0.209442E+01   0.852545E-25   0.240080E-26  -0.185557E-26   0.852549E-25   0.239946E-26  -0.185686E-26   0.100000E+01   0.000000E+00   0.000000E+00   0.100000E+01   0.000000E+00   0.000000E+00
 106   0.213631E+01   0.850078E-25   0.240705E-26  -0.183663E-26   0.850210E-25   0.239288E-26  -0.185177E-26   0.100000E+01   0.000000E+00   0.000000E+00   0.100000E+01   0.000000E+00   0.000000E+00
 107   0.234994E+01   0.836067E-25   0.236105E-26  -0.182723E-26   0.836000E-25   0.236882E-26  -0.181950E-26   0.100000E+01   0.000000E+00   0.000000E+00   0.100000E+01   0.000000E+00   0.000000E+00
 108   0.258493E+01   0.813909E-25   0.232034E-26  -0.177148E-26   0.813879E-25   0.231986E-26  -0.177178E-26   0.100000E+01   0.000000E+00   0.000000E+00   0.100000E+01   0.000000E+00   0.000000E+00
 109   0.284343E+01   0.780334E-25   0.224020E-26  -0.172424E-26   0.780230E-25   0.226112E-26  -0.171393E-26   0.100000E+01   0.000000E+00   0.000000E+00   0.100000E+01   0.000000E+00   0.000000E+00
 110   0.312777E+01   0.734961E-25   0.212088E-26  -0.164831E-26   0.734965E-25   0.213082E-26  -0.165105E-26   0.100000E+01   0.000000E+00   0.000000E+00   0.100000E+01   0.000000E+00   0.000000E+00
 111   0.344055E+01   0.684247E-25   0.198645E-26  -0.153457E-26   0.684255E-25   0.198653E-26  -0.153454E-26   0.100000E+01   0.000000E+00   0.000000E+00   0.100000E+01   0.000000E+00   0.000000E+00
 112   0.378460E+01   0.639622E-25   0.184698E-26  -0.141371E-26   0.639628E-25   0.184495E-26  -0.141568E-26   0.100000E+01   0.000000E+00   0.000000E+00   0.100000E+01   0.000000E+00   0.000000E+00
 113   0.416306E+01   0.606051E-25   0.173986E-26  -0.133914E-26   0.605970E-25   0.174556E-26  -0.133113E-26   0.100000E+01   0.000000E+00   0.000000E+00   0.100000E+01   0.000000E+00   0.000000E+00
 114   0.457937E+01   0.580826E-25   0.165733E-26  -0.128340E-26   0.580843E-25   0.165709E-26  -0.128371E-26   0.100000E+01   0.000000E+00   0.000000E+00   0.100000E+01   0.000000E+00   0.000000E+00
 115   0.503730E+01   0.560645E-25   0.159726E-26  -0.122126E-26   0.560614E-25   0.159796E-26  -0.122043E-26   0.100000E+01   0.000000E+00   0.000000E+00   0.100000E+01   0.000000E+00   0.000000E+00
 116   0.554103E+01   0.543891E-25   0.154040E-26  -0.119279E-26   0.543865E-25   0.155052E-26  -0.118369E-26   0.100000E+01   0.000000E+00   0.000000E+00   0.100000E+01   0.000000E+00   0.000000E+00
 117   0.609514E+01   0.529579E-25   0.149987E-26  -0.116140E-26   0.529553E-25   0.150050E-26  -0.115254E-26   0.100000E+01   0.000000E+00   0.000000E+00   0.100000E+01   0.000000E+00   0.000000E+00
 118   0.670465E+01   0.517240E-25   0.146557E-26  -0.112578E-26   0.517245E-25   0.146563E-26  -0.112575E-26   0.100000E+01   0.000000E+00   0.000000E+00   0.100000E+01   0.000000E+00   0.000000E+00
 119   0.737512E+01   0.506557E-25   0.144412E-26  -0.110252E-26   0.506624E-25   0.143553E-26  -0.110263E-26   0.100000E+01   0.000000E+00   0.000000E+00   0.100000E+01   0.000000E+00   0.000000E+00
 120   0.811263E+01   0.497246E-25   0.140026E-26  -0.108226E-26   0.497248E-25   0.140814E-26  -0.108301E-26   0.100000E+01   0.000000E+00   0.000000E+00   0.100000E+01   0.000000E+00   0.000000E+00
 121   0.892389E+01   0.488956E-25   0.137476E-26  -0.106627E-26   0.488938E-25   0.137609E-26  -0.106491E-26   0.100000E+01   0.000000E+00   0.000000E+00   0.100000E+01   0.000000E+00   0.000000E+00
 122   0.981628E+01   0.481456E-25   0.136147E-26  -0.104193E-26   0.481431E-25   0.136354E-26  -0.103983E-26   0.100000E+01   0.000000E+00   0.000000E+00   0.100000E+01   0.000000E+00   0.000000E+00
 123   0.107979E+02   0.474803E-25   0.133553E-26  -0.103431E-26   0.474791E-25   0.133628E-26  -0.103410E-26   0.100000E+01   0.000000E+00   0.000000E+00   0.100000E+01   0.000000E+00   0.000000E+00
 124   0.118777E+02   0.468786E-25   0.131982E-26  -0.102060E-26   0.468785E-25   0.131938E-26  -0.102102E-26   0.100000E+01   0.000000E+00   0.000000E+00   0.100000E+01   0.000000E+00   0.000000E+00
 125   0.130655E+02   0.463293E-25   0.130407E-26  -0.100069E-26   0.463292E-25   0.131141E-26  -0.100138E-26   0.100000E+01   0.000000E+00   0.000000E+00   0.100000E+01   0.000000E+00   0.000000E+00
 126   0.143720E+02   0.458483E-25   0.129110E-26  -0.997893E-27   0.458485E-25   0.129039E-26  -0.998586E-27   0.100000E+01   0.000000E+00   0.000000E+00   0.100000E+01   0.000000E+00   0.000000E+00
 127   0.158092E+02   0.454075E-25   0.127812E-26  -0.980778E-27   0.454074E-25   0.127741E-26  -0.981454E-27   0.100000E+01   0.000000E+00   0.000000E+00   0.100000E+01   0.000000E+00   0.000000E+00
 128   0.173901E+02   0.450056E-25   0.127313E-26  -0.964644E-27   0.450108E-25   0.125842E-26  -0.972881E-27   0.100000E+01   0.000000E+00   0.000000E+00   0.100000E+01   0.000000E+00   0.000000E+00
 129   0.191292E+02   0.446505E-25   0.125654E-26  -0.964693E-27   0.446502E-25   0.125611E-26  -0.965086E-27   0.100000E+01   0.000000E+00   0.000000E+00   0.100000E+01   0.000000E+00   0.000000E+00
 130   0.210421E+02   0.443238E-25   0.123908E-26  -0.958163E-27   0.443221E-25   0.124375E-26  -0.957301E-27   0.100000E+01   0.000000E+00   0.000000E+00   0.100000E+01   0.000000E+00   0.000000E+00
 131   0.231463E+02   0.440208E-25   0.123157E-26  -0.950695E-27   0.440200E-25   0.123527E-26  -0.950776E-27   0.100000E+01   0.000000E+00   0.000000E+00   0.100000E+01   0.000000E+00   0.000000E+00
 132   0.254609E+02   0.437452E-25   0.122785E-26  -0.939437E-27   0.437492E-25   0.122387E-26  -0.944927E-27   0.100000E+01   0.000000E+00   0.000000E+00   0.100000E+01   0.000000E+00   0.000000E+00
 133   0.280070E+02   0.434923E-25   0.122226E-26  -0.932465E-27   0.434977E-25   0.121683E-26  -0.939496E-27   0.100000E+01   0.000000E+00   0.000000E+00   0.100000E+01   0.000000E+00   0.000000E+00
 134   0.308077E+02   0.432743E-25   0.120950E-26  -0.929058E-27   0.432733E-25   0.121055E-26  -0.934649E-27   0.100000E+01   0.000000E+00   0.000000E+00   0.100000E+01   0.000000E+00   0.000000E+00
 135   0.338885E+02   0.430741E-25   0.120129E-26  -0.925026E-27   0.430702E-25   0.121068E-26  -0.923129E-27   0.100000E+01   0.000000E+00   0.000000E+00   0.100000E+01   0.000000E+00   0.000000E+00
 136   0.372773E+02   0.428997E-25   0.119816E-26  -0.919505E-27   0.429047E-25   0.119254E-26  -0.926912E-27   0.100000E+01   0.000000E+00   0.000000E+00   0.100000E+01   0.000000E+00   0.000000E+00
 137   0.410050E+02   0.427507E-25   0.119400E-26  -0.916312E-27   0.427485E-25   0.119397E-26  -0.916234E-27   0.100000E+01   0.000000E+00   0.000000E+00   0.100000E+01   0.000000E+00   0.000000E+00
 138   0.451055E+02   0.426270E-25   0.119029E-26  -0.913912E-27   0.426245E-25   0.119050E-26  -0.913577E-27   0.100000E+01   0.000000E+00   0.000000E+00   0.100000E+01   0.000000E+00   0.000000E+00
 139   0.496161E+02   0.425200E-25   0.119518E-26  -0.911368E-27   0.425256E-25   0.118774E-26  -0.911455E-27   0.100000E+01   0.000000E+00   0.000000E+00   0.100000E+01   0.000000E+00   0.000000E+00
 140   0.545777E+02   0.424461E-25   0.118475E-26  -0.910536E-27   0.424432E-25   0.118544E-26  -0.909691E-27   0.100000E+01   0.000000E+00   0.000000E+00   0.100000E+01   0.000000E+00   0.000000E+00
 141   0.556693E+02   0.424297E-25   0.118479E-26  -0.909683E-27   0.424345E-25   0.117947E-26  -0.916753E-27   0.100000E+01   0.000000E+00   0.000000E+00   0.100000E+01   0.000000E+00   0.000000E+00
 142   0.567827E+02   0.424215E-25   0.117931E-26  -0.916283E-27   0.424215E-25   0.118462E-26  -0.909444E-27   0.100000E+01   0.000000E+00   0.000000E+00   0.100000E+01   0.000000E+00   0.000000E+00
 143   0.579183E+02   0.424051E-25   0.118435E-26  -0.908905E-27   0.424101E-25   0.117880E-26  -0.916227E-27   0.100000E+01   0.000000E+00   0.000000E+00   0.100000E+01   0.000000E+00   0.000000E+00
 144   0.590767E+02   0.423969E-25   0.118387E-26  -0.908980E-27   0.423945E-25   0.118408E-26  -0.908647E-27   0.100000E+01   0.000000E+00   0.000000E+00   0.100000E+01   0.000000E+00   0.000000E+00
 145   0.602582E+02   0.423806E-25   0.119053E-26  -0.909130E-27   0.423854E-25   0.118382E-26  -0.908450E-27   0.100000E+01   0.000000E+00   0.000000E+00   0.694309E-18   0.328333E-19  -0.251389E-19
 146   0.614634E+02   0.423724E-25   0.118343E-26  -0.908203E-27   0.423774E-25   0.118339E-26  -0.908499E-27   0.100000E+01   0.000000E+00   0.000000E+00   0.198332E-18   0.913166E-20  -0.693203E-20
 147   0.626926E+02   0.423642E-25   0.118296E-26  -0.908278E-27   0.423690E-25   0.118315E-26  -0.908318E-27   0.100000E+01   0.000000E+00   0.000000E+00   0.579613E-19   0.258780E-20  -0.194891E-20
 148   0.639465E+02   0.423560E-25   0.118297E-26  -0.907852E-27   0.423610E-25   0.118293E-26  -0.908148E-27   0.100000E+01   0.000000E+00   0.000000E+00   0.173161E-19   0.745237E-21  -0.568067E-21
 149   0.652254E+02   0.423560E-25   0.117749E-26  -0.914868E-27   0.423560E-25   0.118279E-26  -0.908040E-27   0.100000E+01   0.000000E+00   0.000000E+00   0.528231E-20   0.220913E-21  -0.167232E-21
 150   0.665299E+02   0.423478E-25   0.117907E-26  -0.911430E-27   0.423492E-25   0.118260E-26  -0.907896E-27   0.100000E+01   0.000000E+00   0.000000E+00   0.164537E-20   0.660881E-22  -0.504709E-22
 151   0.678605E+02   0.423396E-25   0.118252E-26  -0.907501E-27   0.423446E-25   0.118247E-26  -0.907797E-27   0.100000E+01   0.000000E+00   0.000000E+00   0.522610E-21   0.203879E-22  -0.155117E-22
 152   0.692177E+02   0.423315E-25   0.118204E-26  -0.907576E-27   0.423362E-25   0.118224E-26  -0.907616E-27   0.100000E+01   0.000000E+00   0.000000E+00   0.169135E-21   0.632780E-23  -0.482554E-23
 153   0.706021E+02   0.423315E-25   0.118204E-26  -0.907576E-27   0.423362E-25   0.117674E-26  -0.914630E-27   0.100000E+01   0.000000E+00   0.000000E+00   0.557091E-22   0.201624E-23  -0.154402E-23
 154   0.720141E+02   0.423315E-25   0.118204E-26  -0.907576E-27   0.423290E-25   0.118225E-26  -0.907243E-27   0.100000E+01   0.000000E+00   0.000000E+00   0.186423E-22   0.650787E-24  -0.498126E-24
 155   0.734544E+02   0.423315E-25   0.117654E-26  -0.914589E-27   0.423312E-25   0.117660E-26  -0.914521E-27   0.100000E+01   0.000000E+00   0.000000E+00   0.632582E-23   0.211120E-24  -0.162905E-24
 156   0.749235E+02   0.423233E-25   0.118206E-26  -0.907151E-27   0.423283E-25   0.118201E-26  -0.907446E-27   0.100000E+01   0.000000E+00   0.000000E+00   0.216819E-23   0.701974E-25  -0.536435E-25
 157   0.764220E+02   0.423233E-25   0.118206E-26  -0.907151E-27   0.423283E-25   0.117442E-26  -0.907446E-27   0.100000E+01   0.000000E+00   0.000000E+00   0.746608E-24   0.233629E-25  -0.177369E-25
 158   0.779504E+02   0.423233E-25   0.118206E-26  -0.907151E-27   0.423211E-25   0.118203E-26  -0.907073E-27   0.100000E+01   0.000000E+00   0.000000E+00   0.255161E-24   0.762497E-26  -0.585080E-26
 159   0.795094E+02   0.423233E-25   0.118206E-26  -0.907151E-27   0.423283E-25   0.118201E-26  -0.907446E-27   0.100000E+01   0.000000E+00   0.000000E+00   0.835098E-25   0.238233E-26  -0.184576E-26
 160   0.810996E+02   0.423233E-25   0.118206E-26  -0.907151E-27   0.423283E-25   0.118201E-26  -0.907446E-27   0.100000E+01   0.000000E+00   0.000000E+00   0.423233E-25   0.118206E-26  -0.907151E-27
 161   0.827216E+02   0.423283E-25   0.118201E-26  -0.907446E-27   0.423259E-25   0.118216E-26  -0.907176E-27   0.100000E+01   0.000000E+00   0.000000E+00   0.423315E-25   0.117445E-26  -0.907576E-27
 162   0.843760E+02   0.423291E-25   0.118204E-26  -0.907464E-27   0.423339E-25   0.117458E-26  -0.907567E-27   0.100000E+01   0.000000E+00   0.000000E+00   0.423315E-25   0.118204E-26  -0.907576E-27
 163   0.860636E+02   0.423362E-25   0.117464E-26  -0.907616E-27   0.423339E-25   0.118217E-26  -0.907567E-27   0.100000E+01   0.000000E+00   0.000000E+00   0.423315E-25   0.118204E-26  -0.907576E-27
 164   0.877848E+02   0.423362E-25   0.118224E-26  -0.907616E-27   0.423339E-25   0.118239E-26  -0.907347E-27   0.100000E+01   0.000000E+00   0.000000E+00   0.423396E-25   0.117492E-26  -0.907501E-27
 165   0.895405E+02   0.423447E-25   0.117509E-26  -0.907579E-27   0.423426E-25   0.118242E-26  -0.907754E-27   0.100000E+01   0.000000E+00   0.000000E+00   0.423396E-25   0.118252E-26  -0.907501E-27
 166   0.913313E+02   0.423446E-25   0.118247E-26  -0.907797E-27   0.423495E-25   0.117501E-26  -0.907900E-27   0.100000E+01   0.000000E+00   0.000000E+00   0.423478E-25   0.117907E-26  -0.911430E-27
 167   0.931580E+02   0.423492E-25   0.118260E-26  -0.907896E-27   0.423541E-25   0.118274E-26  -0.907999E-27   0.100000E+01   0.000000E+00   0.000000E+00   0.423478E-25   0.118072E-26  -0.904386E-27
 168   0.950211E+02   0.423580E-25   0.118306E-26  -0.907865E-27   0.423559E-25   0.118300E-26  -0.907819E-27   0.100000E+01   0.000000E+00   0.000000E+00   0.423560E-25   0.118297E-26  -0.907852E-27
 169   0.969215E+02   0.423610E-25   0.118480E-26  -0.901129E-27   0.423677E-25   0.117552E-26  -0.908291E-27   0.100000E+01   0.000000E+00   0.000000E+00   0.423642E-25   0.118296E-26  -0.908278E-27
 170   0.106614E+03   0.424048E-25   0.118437E-26  -0.908868E-27   0.424027E-25   0.118431E-26  -0.908822E-27   0.100000E+01   0.000000E+00   0.000000E+00   0.424051E-25   0.118435E-26  -0.908905E-27
 171   0.117275E+03   0.424533E-25   0.118507E-26  -0.910565E-27   0.424577E-25   0.117801E-26  -0.910220E-27   0.100000E+01   0.000000E+00   0.000000E+00   0.424543E-25   0.118572E-26  -0.909960E-27
 172   0.119621E+03   0.424665E-25   0.118609E-26  -0.910190E-27   0.424716E-25   0.117840E-26  -0.910518E-27   0.100000E+01   0.000000E+00   0.000000E+00   0.424707E-25   0.117856E-26  -0.910312E-27
 173   0.122013E+03   0.424830E-25   0.118135E-26  -0.910270E-27   0.424830E-25   0.117872E-26  -0.910763E-27   0.100000E+01   0.000000E+00   0.000000E+00   0.424790E-25   0.118818E-26  -0.904074E-27
 174   0.124453E+03   0.424929E-25   0.118683E-26  -0.910755E-27   0.424908E-25   0.118677E-26  -0.910709E-27   0.100000E+01   0.000000E+00   0.000000E+00   0.424954E-25   0.117900E-26  -0.911091E-27
 175   0.126942E+03   0.425074E-25   0.118202E-26  -0.910793E-27   0.425074E-25   0.118702E-26  -0.911286E-27   0.100000E+01   0.000000E+00   0.000000E+00   0.425036E-25   0.118899E-26  -0.903974E-27
 176   0.129481E+03   0.425249E-25   0.118104E-26  -0.918265E-27   0.425234E-25   0.117984E-26  -0.911630E-27   0.100000E+01   0.000000E+00   0.000000E+00   0.425200E-25   0.118755E-26  -0.911368E-27
 177   0.132071E+03   0.425394E-25   0.118145E-26  -0.918580E-27   0.425380E-25   0.118024E-26  -0.911942E-27   0.332767E-18   0.152104E-19  -0.116244E-19   0.425365E-25   0.118038E-26  -0.911720E-27
 178   0.134712E+03   0.425488E-25   0.118317E-26  -0.911679E-27   0.425487E-25   0.118817E-26  -0.912173E-27   0.934898E-19   0.416847E-20  -0.314869E-20   0.425529E-25   0.118084E-26  -0.912072E-27
 179   0.137406E+03   0.425652E-25   0.118363E-26  -0.912031E-27   0.425652E-25   0.118863E-26  -0.912525E-27   0.268714E-19   0.115276E-20  -0.877619E-21   0.425611E-25   0.119034E-26  -0.905448E-27
 180   0.140155E+03   0.425822E-25   0.118410E-26  -0.912396E-27   0.425822E-25   0.118147E-26  -0.912889E-27   0.789559E-20   0.327418E-21  -0.249965E-21   0.425776E-25   0.119027E-26  -0.906297E-27
 181   0.142958E+03   0.425981E-25   0.118454E-26  -0.912738E-27   0.425981E-25   0.118191E-26  -0.913231E-27   0.236888E-20   0.951061E-22  -0.727040E-22   0.425940E-25   0.118938E-26  -0.913206E-27
 182   0.145817E+03   0.426133E-25   0.118496E-26  -0.913062E-27   0.426132E-25   0.118997E-26  -0.913555E-27   0.725430E-21   0.280272E-22  -0.214745E-22   0.426105E-25   0.118805E-26  -0.909996E-27
 183   0.148733E+03   0.426280E-25   0.118538E-26  -0.913378E-27   0.426280E-25   0.119038E-26  -0.913871E-27   0.226442E-21   0.847183E-23  -0.646056E-23   0.426270E-25   0.119029E-26  -0.913912E-27
 184   0.151708E+03   0.426462E-25   0.118588E-26  -0.913769E-27   0.426462E-25   0.119089E-26  -0.914262E-27   0.719794E-22   0.259016E-23  -0.198420E-23   0.426434E-25   0.119211E-26  -0.907699E-27
 185   0.154742E+03   0.426640E-25   0.118638E-26  -0.914150E-27   0.426640E-25   0.118374E-26  -0.914644E-27   0.232591E-22   0.812895E-24  -0.617823E-24   0.426599E-25   0.119310E-26  -0.907550E-27
 186   0.157837E+03   0.426810E-25   0.118685E-26  -0.914515E-27   0.426810E-25   0.119187E-26  -0.915008E-27   0.762407E-23   0.254562E-24  -0.196230E-24   0.426764E-25   0.119198E-26  -0.909402E-27
 187   0.160994E+03   0.426960E-25   0.118785E-26  -0.907709E-27   0.426968E-25   0.119231E-26  -0.915347E-27   0.252579E-23   0.817749E-25  -0.624909E-25   0.427012E-25   0.118495E-26  -0.915250E-27
 188   0.164213E+03   0.427135E-25   0.118834E-26  -0.908080E-27   0.427144E-25   0.119469E-26  -0.908645E-27   0.840825E-24   0.260233E-25  -0.199697E-25   0.427177E-25   0.118541E-26  -0.915604E-27
 189   0.167498E+03   0.427300E-25   0.119624E-26  -0.908431E-27   0.427378E-25   0.118579E-26  -0.916226E-27   0.277591E-24   0.824684E-26  -0.636511E-26   0.427342E-25   0.119354E-26  -0.915958E-27
 190   0.170848E+03   0.427537E-25   0.118887E-26  -0.916072E-27   0.427537E-25   0.119389E-26  -0.916566E-27   0.874656E-25   0.250771E-26  -0.191811E-26   0.427507E-25   0.119590E-26  -0.909230E-27
 191   0.174265E+03   0.427721E-25   0.118938E-26  -0.916466E-27   0.427721E-25   0.119441E-26  -0.916961E-27   0.427770E-25   0.118687E-26  -0.917065E-27   0.427747E-25   0.118681E-26  -0.917016E-27
 192   0.177750E+03   0.427941E-25   0.118756E-26  -0.917211E-27   0.427920E-25   0.119496E-26  -0.917387E-27   0.427896E-25   0.119702E-26  -0.910027E-27   0.427893E-25   0.119702E-26  -0.910021E-27
 193   0.181305E+03   0.428108E-25   0.119046E-26  -0.917295E-27   0.428108E-25   0.119549E-26  -0.917790E-27   0.428157E-25   0.118795E-26  -0.917895E-27   0.428134E-25   0.118788E-26  -0.917845E-27
 194   0.184931E+03   0.428328E-25   0.118864E-26  -0.918040E-27   0.428307E-25   0.119605E-26  -0.918217E-27   0.428356E-25   0.118850E-26  -0.918322E-27   0.428333E-25   0.118843E-26  -0.918272E-27
 195   0.188630E+03   0.428527E-25   0.118919E-26  -0.918468E-27   0.428506E-25   0.119660E-26  -0.918645E-27   0.428555E-25   0.118905E-26  -0.918749E-27   0.428532E-25   0.118899E-26  -0.918700E-27
 196   0.192402E+03   0.428727E-25   0.118974E-26  -0.918895E-27   0.428706E-25   0.119716E-26  -0.919072E-27   0.428755E-25   0.118960E-26  -0.919177E-27   0.428732E-25   0.118954E-26  -0.919127E-27
 197   0.196250E+03   0.428926E-25   0.119030E-26  -0.919323E-27   0.428905E-25   0.119772E-26  -0.919500E-27   0.428954E-25   0.119016E-26  -0.919605E-27   0.428931E-25   0.119009E-26  -0.919555E-27
 198   0.200175E+03   0.429126E-25   0.119085E-26  -0.919751E-27   0.429105E-25   0.119827E-26  -0.919928E-27   0.429154E-25   0.119071E-26  -0.920033E-27   0.429131E-25   0.119065E-26  -0.919983E-27
 199   0.204179E+03   0.429326E-25   0.119911E-26  -0.920179E-27   0.429304E-25   0.119905E-26  -0.920132E-27   0.429355E-25   0.119127E-26  -0.920464E-27   0.429332E-25   0.119121E-26  -0.920414E-27
 200   0.208262E+03   0.429527E-25   0.119967E-26  -0.920610E-27   0.429578E-25   0.119189E-26  -0.920942E-27   0.429555E-25   0.119182E-26  -0.920892E-27   0.429532E-25   0.119946E-26  -0.920842E-27
 201   0.229089E+03   0.430527E-25   0.119689E-26  -0.915622E-27   0.430527E-25   0.119666E-26  -0.915843E-27   0.430525E-25   0.119665E-26  -0.915838E-27   0.430523E-25   0.119665E-26  -0.915833E-27
 202   0.251997E+03   0.431542E-25   0.120652E-26  -0.918445E-27   0.431605E-25   0.119751E-26  -0.925288E-27   0.431582E-25   0.119745E-26  -0.925238E-27   0.431559E-25   0.119953E-26  -0.918037E-27
 203   0.277197E+03   0.432580E-25   0.120190E-26  -0.920655E-27   0.432574E-25   0.120235E-26  -0.920196E-27   0.432571E-25   0.120234E-26  -0.920191E-27   0.432569E-25   0.120234E-26  -0.920187E-27
 204   0.304917E+03   0.433593E-25   0.120259E-26  -0.929998E-27   0.433565E-25   0.120295E-26  -0.929490E-27   0.433542E-25   0.120504E-26  -0.922257E-27   0.433540E-25   0.120503E-26  -0.922252E-27
 205   0.335409E+03   0.434493E-25   0.120574E-26  -0.931253E-27   0.434471E-25   0.120762E-26  -0.924233E-27   0.434469E-25   0.120762E-26  -0.924229E-27   0.434467E-25   0.120761E-26  -0.924224E-27
 206   0.368949E+03   0.435348E-25   0.120790E-26  -0.933311E-27   0.435324E-25   0.120999E-26  -0.926048E-27   0.435322E-25   0.120999E-26  -0.926043E-27   0.435320E-25   0.120998E-26  -0.926039E-27
 207   0.405844E+03   0.436055E-25   0.121820E-26  -0.928946E-27   0.436110E-25   0.121001E-26  -0.934945E-27   0.436087E-25   0.120995E-26  -0.934895E-27   0.436063E-25   0.121205E-26  -0.927619E-27
 208   0.446429E+03   0.436726E-25   0.121194E-26  -0.936039E-27   0.436704E-25   0.121383E-26  -0.928983E-27   0.436702E-25   0.121382E-26  -0.928979E-27   0.436700E-25   0.121382E-26  -0.928974E-27
 209   0.491072E+03   0.437215E-25   0.121549E-26  -0.929846E-27   0.437215E-25   0.121525E-26  -0.930070E-27   0.437213E-25   0.121524E-26  -0.930065E-27   0.437211E-25   0.121524E-26  -0.930060E-27
 210   0.540179E+03   0.437653E-25   0.121385E-26  -0.938705E-27   0.437625E-25   0.121421E-26  -0.938192E-27   0.437601E-25   0.121632E-26  -0.930891E-27   0.437599E-25   0.121632E-26  -0.930886E-27
 211   0.594197E+03   0.437893E-25   0.121496E-26  -0.938768E-27   0.437869E-25   0.121489E-26  -0.938717E-27   0.437846E-25   0.121483E-26  -0.938667E-27   0.437822E-25   0.121694E-26  -0.931362E-27
 212   0.653616E+03   0.437968E-25   0.121788E-26  -0.938421E-27   0.437968E-25   0.121517E-26  -0.938929E-27   0.437945E-25   0.121510E-26  -0.938878E-27   0.437921E-25   0.121721E-26  -0.931572E-27
 213   0.718978E+03   0.437919E-25   0.121503E-26  -0.938823E-27   0.437895E-25   0.121714E-26  -0.931517E-27   0.437893E-25   0.121713E-26  -0.931512E-27   0.437891E-25   0.121713E-26  -0.931507E-27
 214   0.790876E+03   0.437740E-25   0.121409E-26  -0.938893E-27   0.437712E-25   0.121446E-26  -0.938380E-27   0.437689E-25   0.121657E-26  -0.931078E-27   0.437686E-25   0.121656E-26  -0.931073E-27
 215   0.869963E+03   0.437388E-25   0.121573E-26  -0.930438E-27   0.437386E-25   0.121572E-26  -0.930433E-27   0.437383E-25   0.121572E-26  -0.930428E-27   0.437381E-25   0.121571E-26  -0.930423E-27
 216   0.956960E+03   0.437009E-25   0.121491E-26  -0.929407E-27   0.437009E-25   0.121468E-26  -0.929631E-27   0.437006E-25   0.121467E-26  -0.929626E-27   0.437004E-25   0.121466E-26  -0.929621E-27
 217   0.105266E+04   0.436558E-25   0.120993E-26  -0.937262E-27   0.436522E-25   0.121332E-26  -0.928596E-27   0.436520E-25   0.121332E-26  -0.928591E-27   0.436517E-25   0.121331E-26  -0.928586E-27
 218   0.115792E+04   0.435998E-25   0.121774E-26  -0.934480E-27   0.435976E-25   0.121204E-26  -0.927211E-27   0.435976E-25   0.121181E-26  -0.927434E-27   0.435974E-25   0.121180E-26  -0.927430E-27
 219   0.127371E+04   0.435455E-25   0.121059E-26  -0.926103E-27   0.435455E-25   0.121036E-26  -0.926326E-27   0.435453E-25   0.121035E-26  -0.926322E-27   0.435451E-25   0.121035E-26  -0.926317E-27
 220   0.140108E+04   0.434933E-25   0.120914E-26  -0.924992E-27   0.434933E-25   0.120891E-26  -0.925215E-27   0.434930E-25   0.120890E-26  -0.925210E-27   0.434928E-25   0.120889E-26  -0.925205E-27
 221   0.154119E+04   0.434484E-25   0.120418E-26  -0.932810E-27   0.434448E-25   0.120756E-26  -0.924184E-27   0.434446E-25   0.120755E-26  -0.924179E-27   0.434444E-25   0.120755E-26  -0.924175E-27
 222   0.169531E+04   0.434074E-25   0.120458E-26  -0.930355E-27   0.434053E-25   0.120646E-26  -0.923343E-27   0.434050E-25   0.120645E-26  -0.923338E-27   0.434048E-25   0.120645E-26  -0.923333E-27
 223   0.186484E+04   0.433752E-25   0.120562E-26  -0.922703E-27   0.433750E-25   0.120562E-26  -0.922698E-27   0.433748E-25   0.120561E-26  -0.922694E-27   0.433745E-25   0.120561E-26  -0.922689E-27
 224   0.205133E+04   0.433523E-25   0.120522E-26  -0.921993E-27   0.433523E-25   0.120499E-26  -0.922216E-27   0.433520E-25   0.120498E-26  -0.922211E-27   0.433518E-25   0.120497E-26  -0.922206E-27
 225   0.225646E+04   0.433443E-25   0.119506E-26  -0.929002E-27   0.433398E-25   0.120487E-26  -0.921729E-27   0.433398E-25   0.120464E-26  -0.921951E-27   0.433396E-25   0.120463E-26  -0.921946E-27
 226   0.248211E+04   0.433394E-25   0.120463E-26  -0.921941E-27   0.433391E-25   0.120462E-26  -0.921936E-27   0.433389E-25   0.120462E-26  -0.921931E-27   0.433460E-25   0.119511E-26  -0.929040E-27
 227   0.273032E+04   0.433563E-25   0.119539E-26  -0.929261E-27   0.433592E-25   0.119815E-26  -0.929057E-27   0.433522E-25   0.120498E-26  -0.922213E-27   0.433519E-25   0.120498E-26  -0.922208E-27
 228   0.300335E+04   0.433811E-25   0.119585E-26  -0.930016E-27   0.433764E-25   0.119835E-26  -0.922507E-27   0.433749E-25   0.119914E-26  -0.922194E-27   0.433741E-25   0.120666E-26  -0.922178E-27
 229   0.330368E+04   0.434117E-25   0.119932E-26  -0.923256E-27   0.434101E-25   0.120011E-26  -0.922943E-27   0.434094E-25   0.120009E-26  -0.922927E-27   0.434086E-25   0.120007E-26  -0.922912E-27
 230   0.363405E+04   0.434523E-25   0.120830E-26  -0.917147E-27   0.434584E-25   0.120145E-26  -0.923970E-27   0.434577E-25   0.120143E-26  -0.923954E-27   0.434569E-25   0.120140E-26  -0.923939E-27
 231   0.399746E+04   0.435155E-25   0.119822E-26  -0.934264E-27   0.435096E-25   0.120202E-26  -0.925339E-27   0.435080E-25   0.121039E-26  -0.925025E-27   0.435088E-25   0.120934E-26  -0.925546E-27
 232   0.439720E+04   0.435749E-25   0.120383E-26  -0.926728E-27   0.435734E-25   0.120462E-26  -0.926414E-27   0.435726E-25   0.120460E-26  -0.926398E-27   0.435719E-25   0.120458E-26  -0.926383E-27
 233   0.483692E+04   0.436455E-25   0.120554E-26  -0.928457E-27   0.436437E-25   0.120657E-26  -0.927910E-27   0.436430E-25   0.120655E-26  -0.927894E-27   0.436422E-25   0.120653E-26  -0.927878E-27
 234   0.532062E+04   0.437235E-25   0.120793E-26  -0.929888E-27   0.437219E-25   0.120873E-26  -0.929572E-27   0.437211E-25   0.120871E-26  -0.929556E-27   0.437204E-25   0.120869E-26  -0.929540E-27
 235   0.585268E+04   0.438092E-25   0.120959E-26  -0.932393E-27   0.438070E-25   0.121108E-26  -0.931380E-27   0.438062E-25   0.121106E-26  -0.931364E-27   0.438129E-25   0.121040E-26  -0.931791E-27
 236   0.643795E+04   0.439011E-25   0.121212E-26  -0.934349E-27   0.438989E-25   0.121362E-26  -0.933334E-27   0.438981E-25   0.121360E-26  -0.933318E-27   0.438974E-25   0.121358E-26  -0.933302E-27
 237   0.708174E+04   0.440015E-25   0.121538E-26  -0.936030E-27   0.439997E-25   0.121641E-26  -0.935479E-27   0.439990E-25   0.121639E-26  -0.935463E-27   0.439982E-25   0.121637E-26  -0.935447E-27
 238   0.778991E+04   0.441027E-25   0.121574E-26  -0.945489E-27   0.440979E-25   0.121828E-26  -0.937851E-27   0.440964E-25   0.121908E-26  -0.937533E-27   0.440956E-25   0.121906E-26  -0.937517E-27
 239   0.856891E+04   0.442078E-25   0.122131E-26  -0.940189E-27   0.442062E-25   0.122212E-26  -0.939869E-27   0.442055E-25   0.122210E-26  -0.939853E-27   0.442047E-25   0.122208E-26  -0.939837E-27
 240   0.942580E+04   0.443172E-25   0.122487E-26  -0.935173E-27   0.443177E-25   0.122435E-26  -0.942525E-27   0.443161E-25   0.122516E-26  -0.942206E-27   0.443154E-25   0.122514E-26  -0.942189E-27
 241   0.103684E+05   0.444357E-25   0.122456E-26  -0.941097E-27   0.444327E-25   0.122807E-26  -0.937610E-27   0.444333E-25   0.122754E-26  -0.944983E-27   0.444317E-25   0.122835E-26  -0.944662E-27
 242   0.114052E+05   0.445523E-25   0.123553E-26  -0.943567E-27   0.445553E-25   0.123177E-26  -0.947291E-27   0.445545E-25   0.123175E-26  -0.947274E-27   0.445538E-25   0.123173E-26  -0.947258E-27
 243   0.125457E+05   0.446748E-25   0.123892E-26  -0.946160E-27   0.446777E-25   0.123515E-26  -0.949894E-27   0.446770E-25   0.123513E-26  -0.949878E-27   0.446762E-25   0.123511E-26  -0.949861E-27
 244   0.138003E+05   0.447975E-25   0.124233E-26  -0.948760E-27   0.448005E-25   0.123855E-26  -0.952504E-27   0.447997E-25   0.123853E-26  -0.952488E-27   0.447990E-25   0.123851E-26  -0.952472E-27
 245   0.151803E+05   0.449283E-25   0.124176E-26  -0.948069E-27   0.449288E-25   0.124178E-26  -0.948078E-27   0.449294E-25   0.124180E-26  -0.948089E-27   0.449299E-25   0.124126E-26  -0.955545E-27
 246   0.166984E+05   0.450587E-25   0.124537E-26  -0.950821E-27   0.450593E-25   0.124539E-26  -0.950831E-27   0.450598E-25   0.124540E-26  -0.950842E-27   0.450603E-25   0.124542E-26  -0.950853E-27
 247   0.183682E+05   0.451907E-25   0.125326E-26  -0.957060E-27   0.451938E-25   0.124942E-26  -0.960865E-27   0.451930E-25   0.124940E-26  -0.960849E-27   0.451922E-25   0.124938E-26  -0.960832E-27
 248   0.202050E+05   0.453304E-25   0.125208E-26  -0.964299E-27   0.453285E-25   0.125315E-26  -0.963730E-27   0.453278E-25   0.125263E-26  -0.956147E-27   0.453281E-25   0.125282E-26  -0.956504E-27
 249   0.222255E+05   0.454670E-25   0.125666E-26  -0.959434E-27   0.454675E-25   0.125667E-26  -0.959445E-27   0.454681E-25   0.125613E-26  -0.966990E-27   0.454664E-25   0.125696E-26  -0.966662E-27
 250   0.244481E+05   0.456054E-25   0.126023E-26  -0.962592E-27   0.456057E-25   0.126049E-26  -0.962362E-27   0.456063E-25   0.125995E-26  -0.969930E-27   0.456047E-25   0.126078E-26  -0.969601E-27
 251   0.268929E+05   0.457441E-25   0.126407E-26  -0.965518E-27   0.457521E-25   0.125696E-26  -0.972680E-27   0.457453E-25   0.126435E-26  -0.965307E-27   0.457458E-25   0.126436E-26  -0.965319E-27
 252   0.295822E+05   0.458937E-25   0.125966E-26  -0.976279E-27   0.458935E-25   0.126084E-26  -0.975686E-27   0.458866E-25   0.126825E-26  -0.968290E-27   0.458872E-25   0.126827E-26  -0.968301E-27
 253   0.325404E+05   0.460356E-25   0.126355E-26  -0.979296E-27   0.460353E-25   0.126474E-26  -0.978700E-27   0.460362E-25   0.126476E-26  -0.978720E-27   0.460371E-25   0.126479E-26  -0.978739E-27
 254   0.357944E+05   0.461785E-25   0.127551E-26  -0.982337E-27   0.461766E-25   0.127659E-26  -0.981762E-27   0.461759E-25   0.127657E-26  -0.981745E-27   0.461751E-25   0.127604E-26  -0.974020E-27
 255   0.393739E+05   0.463242E-25   0.127953E-26  -0.985436E-27   0.463223E-25   0.128062E-26  -0.984859E-27   0.463215E-25   0.128060E-26  -0.984842E-27   0.463207E-25   0.128058E-26  -0.984825E-27
 256   0.433113E+05   0.464702E-25   0.128382E-26  -0.988306E-27   0.464686E-25   0.128466E-26  -0.987969E-27   0.464678E-25   0.128464E-26  -0.987952E-27   0.464670E-25   0.128411E-26  -0.980178E-27
 257   0.476424E+05   0.466171E-25   0.128762E-26  -0.991666E-27   0.466151E-25   0.128872E-26  -0.991085E-27   0.466143E-25   0.128869E-26  -0.991068E-27   0.466136E-25   0.128816E-26  -0.983269E-27
 258   0.524066E+05   0.467641E-25   0.128412E-26  -0.987044E-27   0.467641E-25   0.129289E-26  -0.994196E-27   0.467633E-25   0.129281E-26  -0.994236E-27   0.467625E-25   0.129279E-26  -0.994219E-27
 259   0.576473E+05   0.469135E-25   0.129606E-26  -0.997733E-27   0.469118E-25   0.129692E-26  -0.997393E-27   0.469110E-25   0.129690E-26  -0.997376E-27   0.469102E-25   0.129636E-26  -0.989528E-27
 260   0.634120E+05   0.470617E-25   0.129229E-26  -0.993326E-27   0.470617E-25   0.130112E-26  -0.100052E-26   0.470610E-25   0.130104E-26  -0.100056E-26   0.470602E-25   0.130102E-26  -0.100055E-26
 261   0.697533E+05   0.472121E-25   0.129667E-26  -0.996261E-27   0.472123E-25   0.129707E-26  -0.100373E-26   0.472133E-25   0.129710E-26  -0.100374E-26   0.472142E-25   0.129712E-26  -0.100376E-26
 262   0.767286E+05   0.473592E-25   0.130870E-26  -0.999606E-27   0.473596E-25   0.130896E-26  -0.999371E-27   0.473601E-25   0.130898E-26  -0.999383E-27   0.473607E-25   0.130899E-26  -0.999395E-27
 263   0.844014E+05   0.475138E-25   0.130471E-26  -0.100287E-26   0.475138E-25   0.130535E-26  -0.101013E-26   0.475147E-25   0.130538E-26  -0.101015E-26   0.475157E-25   0.130541E-26  -0.101017E-26
 264   0.928416E+05   0.476616E-25   0.131706E-26  -0.100599E-26   0.476619E-25   0.131732E-26  -0.100575E-26   0.476625E-25   0.131734E-26  -0.100576E-26   0.476631E-25   0.131735E-26  -0.100578E-26
 265   0.102126E+06   0.478172E-25   0.131304E-26  -0.100927E-26   0.478172E-25   0.131369E-26  -0.101658E-26   0.478181E-25   0.131372E-26  -0.101660E-26   0.478191E-25   0.131374E-26  -0.101662E-26
 266   0.112338E+06   0.479659E-25   0.132547E-26  -0.101241E-26   0.479744E-25   0.131801E-26  -0.101992E-26   0.479753E-25   0.131804E-26  -0.101995E-26   0.479682E-25   0.132579E-26  -0.101221E-26
 267   0.123572E+06   0.481233E-25   0.132144E-26  -0.101573E-26   0.481233E-25   0.133047E-26  -0.102309E-26   0.481225E-25   0.133039E-26  -0.102313E-26   0.481217E-25   0.132984E-26  -0.101508E-26
 268   0.135929E+06   0.482771E-25   0.132567E-26  -0.101898E-26   0.482771E-25   0.132632E-26  -0.102636E-26   0.482780E-25   0.132635E-26  -0.102638E-26   0.482790E-25   0.132638E-26  -0.102640E-26
 269   0.149522E+06   0.484273E-25   0.133822E-26  -0.102215E-26   0.484358E-25   0.132226E-26  -0.102973E-26   0.484282E-25   0.132994E-26  -0.102149E-26   0.484284E-25   0.132995E-26  -0.102149E-26
 270   0.164475E+06   0.485845E-25   0.133437E-26  -0.102522E-26   0.485848E-25   0.133478E-26  -0.103290E-26   0.485857E-25   0.133480E-26  -0.103292E-26   0.485867E-25   0.133483E-26  -0.103294E-26
 271   0.180922E+06   0.487359E-25   0.133827E-26  -0.102866E-26   0.487359E-25   0.133839E-26  -0.102798E-26   0.487361E-25   0.133840E-26  -0.102798E-26   0.487362E-25   0.133840E-26  -0.102799E-26
 272   0.199014E+06   0.488933E-25   0.134285E-26  -0.103174E-26   0.488936E-25   0.134326E-26  -0.103947E-26   0.488946E-25   0.134329E-26  -0.103949E-26   0.488955E-25   0.134332E-26  -0.103951E-26
 273   0.218916E+06   0.490457E-25   0.134677E-26  -0.103520E-26   0.490457E-25   0.134690E-26  -0.103452E-26   0.490458E-25   0.134691E-26  -0.103452E-26   0.490460E-25   0.134691E-26  -0.103452E-26
 274   0.240807E+06   0.491958E-25   0.135945E-26  -0.103837E-26   0.492045E-25   0.135180E-26  -0.104608E-26   0.492054E-25   0.135183E-26  -0.104610E-26   0.491981E-25   0.135122E-26  -0.103817E-26
 275   0.264888E+06   0.493569E-25   0.135558E-26  -0.104152E-26   0.493571E-25   0.135545E-26  -0.104108E-26   0.493572E-25   0.135546E-26  -0.104109E-26   0.493574E-25   0.135600E-26  -0.104933E-26
 276   0.300000E+06   0.495593E-25   0.135929E-26  -0.104756E-26   0.495577E-25   0.136096E-26  -0.104532E-26   0.495578E-25   0.136097E-26  -0.104532E-26   0.495580E-25   0.136097E-26  -0.104532E-26
