# Thermal sigma v for some different final states
# The final states are:
# Case 1: PDG = 12
# Case 2: PDG = 15
# Case 3: PDG =  6
# Case 4: PDG = 24
#  i     Mass [GeV]      sigvmid_1     sigvperr_1     sigvmerr_1      sigvmid_2     sigvperr_2     sigvmerr_2      sigvmid_3     sigvperr_3     sigvmerr_3      sigvmid_4     sigvperr_4     sigvmerr_4, sigv in units of cm^3/s^1
   1   0.100000E-02   0.108108E-24   0.310291E-26  -0.238944E-26   0.100000E+01   0.000000E+00   0.000000E+00   0.100000E+01   0.000000E+00   0.000000E+00   0.100000E+01   0.000000E+00   0.000000E+00
   2   0.150000E-02   0.106203E-24   0.308116E-26  -0.236492E-26   0.100000E+01   0.000000E+00   0.000000E+00   0.100000E+01   0.000000E+00   0.000000E+00   0.100000E+01   0.000000E+00   0.000000E+00
   3   0.225000E-02   0.981137E-25   0.286354E-26  -0.220224E-26   0.100000E+01   0.000000E+00   0.000000E+00   0.100000E+01   0.000000E+00   0.000000E+00   0.100000E+01   0.000000E+00   0.000000E+00
   4   0.337500E-02   0.889571E-25   0.258253E-26  -0.199506E-26   0.100000E+01   0.000000E+00   0.000000E+00   0.100000E+01   0.000000E+00   0.000000E+00   0.100000E+01   0.000000E+00   0.000000E+00
   5   0.506250E-02   0.841253E-25   0.242168E-26  -0.186653E-26   0.100000E+01   0.000000E+00   0.000000E+00   0.100000E+01   0.000000E+00   0.000000E+00   0.100000E+01   0.000000E+00   0.000000E+00
   6   0.759375E-02   0.824515E-25   0.234898E-26  -0.182538E-26   0.100000E+01   0.000000E+00   0.000000E+00   0.100000E+01   0.000000E+00   0.000000E+00   0.100000E+01   0.000000E+00   0.000000E+00
   7   0.113906E-01   0.823878E-25   0.234720E-26  -0.179466E-26   0.100000E+01   0.000000E+00   0.000000E+00   0.100000E+01   0.000000E+00   0.000000E+00   0.100000E+01   0.000000E+00   0.000000E+00
   8   0.170859E-01   0.832199E-25   0.235324E-26  -0.182859E-26   0.100000E+01   0.000000E+00   0.000000E+00   0.100000E+01   0.000000E+00   0.000000E+00   0.100000E+01   0.000000E+00   0.000000E+00
   9   0.256289E-01   0.845164E-25   0.240571E-26  -0.184306E-26   0.100000E+01   0.000000E+00   0.000000E+00   0.100000E+01   0.000000E+00   0.000000E+00   0.100000E+01   0.000000E+00   0.000000E+00
  10   0.384434E-01   0.861155E-25   0.242504E-26  -0.187431E-26   0.100000E+01   0.000000E+00   0.000000E+00   0.100000E+01   0.000000E+00   0.000000E+00   0.100000E+01   0.000000E+00   0.000000E+00
  11   0.576650E-01   0.878977E-25   0.247523E-26  -0.191310E-26   0.100000E+01   0.000000E+00   0.000000E+00   0.100000E+01   0.000000E+00   0.000000E+00   0.100000E+01   0.000000E+00   0.000000E+00
  12   0.864976E-01   0.897687E-25   0.253259E-26  -0.193572E-26   0.100000E+01   0.000000E+00   0.000000E+00   0.100000E+01   0.000000E+00   0.000000E+00   0.100000E+01   0.000000E+00   0.000000E+00
  13   0.129746E+00   0.917328E-25   0.258700E-26  -0.197432E-26   0.100000E+01   0.000000E+00   0.000000E+00   0.100000E+01   0.000000E+00   0.000000E+00   0.100000E+01   0.000000E+00   0.000000E+00
  14   0.194620E+00   0.937216E-25   0.263923E-26  -0.203986E-26   0.100000E+01   0.000000E+00   0.000000E+00   0.100000E+01   0.000000E+00   0.000000E+00   0.100000E+01   0.000000E+00   0.000000E+00
  15   0.291929E+00   0.953290E-25   0.268331E-26  -0.205906E-26   0.100000E+01   0.000000E+00   0.000000E+00   0.100000E+01   0.000000E+00   0.000000E+00   0.100000E+01   0.000000E+00   0.000000E+00
  16   0.437894E+00   0.953106E-25   0.268338E-26  -0.207501E-26   0.100000E+01   0.000000E+00   0.000000E+00   0.100000E+01   0.000000E+00   0.000000E+00   0.100000E+01   0.000000E+00   0.000000E+00
  17   0.656841E+00   0.931979E-25   0.263896E-26  -0.201358E-26   0.100000E+01   0.000000E+00   0.000000E+00   0.100000E+01   0.000000E+00   0.000000E+00   0.100000E+01   0.000000E+00   0.000000E+00
  18   0.985261E+00   0.906228E-25   0.255197E-26  -0.197241E-26   0.100000E+01   0.000000E+00   0.000000E+00   0.100000E+01   0.000000E+00   0.000000E+00   0.100000E+01   0.000000E+00   0.000000E+00
  19   0.147789E+01   0.882210E-25   0.248378E-26  -0.192067E-26   0.976117E-21   0.395286E-22  -0.298652E-22   0.100000E+01   0.000000E+00   0.000000E+00   0.100000E+01   0.000000E+00   0.000000E+00
  20   0.150745E+01   0.880847E-25   0.249418E-26  -0.190311E-26   0.345673E-21   0.134762E-22  -0.102684E-22   0.100000E+01   0.000000E+00   0.000000E+00   0.100000E+01   0.000000E+00   0.000000E+00
  21   0.153760E+01   0.879656E-25   0.247604E-26  -0.190001E-26   0.124465E-21   0.468363E-23  -0.357252E-23   0.100000E+01   0.000000E+00   0.000000E+00   0.100000E+01   0.000000E+00   0.000000E+00
  22   0.156835E+01   0.878298E-25   0.247222E-26  -0.189708E-26   0.455313E-22   0.164788E-23  -0.126193E-23   0.100000E+01   0.000000E+00   0.000000E+00   0.100000E+01   0.000000E+00   0.000000E+00
  23   0.159972E+01   0.876941E-25   0.248366E-26  -0.189415E-26   0.168927E-22   0.589709E-24  -0.451376E-24   0.100000E+01   0.000000E+00   0.000000E+00   0.100000E+01   0.000000E+00   0.000000E+00
  24   0.163171E+01   0.875586E-25   0.246459E-26  -0.189122E-26   0.634296E-23   0.214007E-24  -0.163256E-24   0.100000E+01   0.000000E+00   0.000000E+00   0.100000E+01   0.000000E+00   0.000000E+00
  25   0.166435E+01   0.874065E-25   0.247497E-26  -0.188845E-26   0.240342E-23   0.776573E-25  -0.599094E-25   0.100000E+01   0.000000E+00   0.000000E+00   0.100000E+01   0.000000E+00   0.000000E+00
  26   0.169763E+01   0.872715E-25   0.245704E-26  -0.189999E-26   0.913324E-24   0.284140E-25  -0.218425E-25   0.100000E+01   0.000000E+00   0.000000E+00   0.100000E+01   0.000000E+00   0.000000E+00
  27   0.173159E+01   0.871030E-25   0.246529E-26  -0.188293E-26   0.344134E-24   0.103437E-25  -0.789094E-26   0.100000E+01   0.000000E+00   0.000000E+00   0.100000E+01   0.000000E+00   0.000000E+00
  28   0.176622E+01   0.869516E-25   0.244859E-26  -0.189251E-26   0.123972E-24   0.355439E-26  -0.271870E-26   0.100000E+01   0.000000E+00   0.000000E+00   0.100000E+01   0.000000E+00   0.000000E+00
  29   0.180154E+01   0.867838E-25   0.244386E-26  -0.188886E-26   0.867842E-25   0.244250E-26  -0.189017E-26   0.100000E+01   0.000000E+00   0.000000E+00   0.100000E+01   0.000000E+00   0.000000E+00
  30   0.183757E+01   0.865995E-25   0.245212E-26  -0.187102E-26   0.865983E-25   0.245270E-26  -0.187041E-26   0.100000E+01   0.000000E+00   0.000000E+00   0.100000E+01   0.000000E+00   0.000000E+00
  31   0.187432E+01   0.864156E-25   0.244745E-26  -0.186653E-26   0.864296E-25   0.243252E-26  -0.188245E-26   0.100000E+01   0.000000E+00   0.000000E+00   0.100000E+01   0.000000E+00   0.000000E+00
  32   0.191181E+01   0.862321E-25   0.243417E-26  -0.187027E-26   0.862382E-25   0.242714E-26  -0.187828E-26   0.100000E+01   0.000000E+00   0.000000E+00   0.100000E+01   0.000000E+00   0.000000E+00
  33   0.195005E+01   0.860324E-25   0.243499E-26  -0.185979E-26   0.860447E-25   0.242169E-26  -0.187406E-26   0.100000E+01   0.000000E+00   0.000000E+00   0.100000E+01   0.000000E+00   0.000000E+00
  34   0.198905E+01   0.858331E-25   0.242720E-26  -0.185753E-26   0.858288E-25   0.243090E-26  -0.185379E-26   0.100000E+01   0.000000E+00   0.000000E+00   0.100000E+01   0.000000E+00   0.000000E+00
  35   0.202883E+01   0.856177E-25   0.241103E-26  -0.186348E-26   0.856181E-25   0.242353E-26  -0.185058E-26   0.100000E+01   0.000000E+00   0.000000E+00   0.100000E+01   0.000000E+00   0.000000E+00
  36   0.206941E+01   0.854029E-25   0.240444E-26  -0.185931E-26   0.854028E-25   0.240362E-26  -0.186008E-26   0.100000E+01   0.000000E+00   0.000000E+00   0.100000E+01   0.000000E+00   0.000000E+00
  37   0.211079E+01   0.851557E-25   0.241177E-26  -0.183932E-26   0.851695E-25   0.239706E-26  -0.185500E-26   0.100000E+01   0.000000E+00   0.000000E+00   0.100000E+01   0.000000E+00   0.000000E+00
  38   0.215301E+01   0.849093E-25   0.240195E-26  -0.183549E-26   0.849208E-25   0.239006E-26  -0.184958E-26   0.100000E+01   0.000000E+00   0.000000E+00   0.100000E+01   0.000000E+00   0.000000E+00
  39   0.322951E+01   0.717837E-25   0.209555E-26  -0.159803E-26   0.717836E-25   0.209520E-26  -0.159836E-26   0.100000E+01   0.000000E+00   0.000000E+00   0.100000E+01   0.000000E+00   0.000000E+00
  40   0.484427E+01   0.568500E-25   0.162106E-26  -0.125721E-26   0.568410E-25   0.162968E-26  -0.124652E-26   0.100000E+01   0.000000E+00   0.000000E+00   0.100000E+01   0.000000E+00   0.000000E+00
  41   0.726641E+01   0.508125E-25   0.144859E-26  -0.110594E-26   0.508193E-25   0.143997E-26  -0.110605E-26   0.100000E+01   0.000000E+00   0.000000E+00   0.100000E+01   0.000000E+00   0.000000E+00
  42   0.108996E+02   0.474161E-25   0.133525E-26  -0.103202E-26   0.474164E-25   0.133451E-26  -0.103273E-26   0.100000E+01   0.000000E+00   0.000000E+00   0.100000E+01   0.000000E+00   0.000000E+00
  43   0.163494E+02   0.452586E-25   0.127845E-26  -0.971937E-27   0.452620E-25   0.127332E-26  -0.978310E-27   0.100000E+01   0.000000E+00   0.000000E+00   0.100000E+01   0.000000E+00   0.000000E+00
  44   0.245241E+02   0.438467E-25   0.123171E-26  -0.940582E-27   0.438443E-25   0.123177E-26  -0.940400E-27   0.100000E+01   0.000000E+00   0.000000E+00   0.100000E+01   0.000000E+00   0.000000E+00
  45   0.367862E+02   0.429245E-25   0.120050E-26  -0.927403E-27   0.429234E-25   0.120076E-26  -0.927091E-27   0.100000E+01   0.000000E+00   0.000000E+00   0.100000E+01   0.000000E+00   0.000000E+00
  46   0.551793E+02   0.424379E-25   0.118526E-26  -0.909608E-27   0.424358E-25   0.118523E-26  -0.909531E-27   0.100000E+01   0.000000E+00   0.000000E+00   0.100000E+01   0.000000E+00   0.000000E+00
  47   0.562829E+02   0.424215E-25   0.118480E-26  -0.909257E-27   0.424265E-25   0.118476E-26  -0.909553E-27   0.100000E+01   0.000000E+00   0.000000E+00   0.100000E+01   0.000000E+00   0.000000E+00
  48   0.574085E+02   0.424133E-25   0.118286E-26  -0.910835E-27   0.424095E-25   0.118450E-26  -0.908968E-27   0.100000E+01   0.000000E+00   0.000000E+00   0.100000E+01   0.000000E+00   0.000000E+00
  49   0.585567E+02   0.423969E-25   0.119148E-26  -0.908980E-27   0.424022E-25   0.118429E-26  -0.908812E-27   0.100000E+01   0.000000E+00   0.000000E+00   0.100000E+01   0.000000E+00   0.000000E+00
  50   0.597278E+02   0.423888E-25   0.118389E-26  -0.908554E-27   0.423938E-25   0.117834E-26  -0.915873E-27   0.100000E+01   0.000000E+00   0.000000E+00   0.100000E+01   0.000000E+00   0.000000E+00
  51   0.609224E+02   0.423806E-25   0.118292E-26  -0.909130E-27   0.423777E-25   0.118361E-26  -0.908286E-27   0.100000E+01   0.000000E+00   0.000000E+00   0.346013E-18   0.161908E-19  -0.122068E-19
  52   0.621408E+02   0.423724E-25   0.118343E-26  -0.908203E-27   0.423702E-25   0.118340E-26  -0.908126E-27   0.100000E+01   0.000000E+00   0.000000E+00   0.100109E-18   0.454042E-20  -0.343159E-20
  53   0.633836E+02   0.423642E-25   0.118296E-26  -0.908278E-27   0.423618E-25   0.118316E-26  -0.907945E-27   0.100000E+01   0.000000E+00   0.000000E+00   0.296145E-19   0.129455E-20  -0.985803E-21
  54   0.646513E+02   0.423560E-25   0.118297E-26  -0.907852E-27   0.423538E-25   0.118294E-26  -0.907775E-27   0.100000E+01   0.000000E+00   0.000000E+00   0.895230E-20   0.378795E-21  -0.287979E-21
  55   0.659443E+02   0.423478E-25   0.117907E-26  -0.911430E-27   0.423492E-25   0.118260E-26  -0.907896E-27   0.100000E+01   0.000000E+00   0.000000E+00   0.276277E-20   0.112956E-21  -0.857944E-22
  56   0.672632E+02   0.423396E-25   0.118252E-26  -0.907501E-27   0.423446E-25   0.118247E-26  -0.907797E-27   0.100000E+01   0.000000E+00   0.000000E+00   0.869929E-21   0.344042E-22  -0.261277E-22
  57   0.686085E+02   0.423396E-25   0.118252E-26  -0.907501E-27   0.423375E-25   0.118249E-26  -0.907424E-27   0.100000E+01   0.000000E+00   0.000000E+00   0.279264E-21   0.105928E-22  -0.811200E-23
  58   0.699807E+02   0.423315E-25   0.118204E-26  -0.907576E-27   0.423362E-25   0.118224E-26  -0.907616E-27   0.100000E+01   0.000000E+00   0.000000E+00   0.912746E-22   0.334513E-23  -0.255909E-23
  59   0.713803E+02   0.423315E-25   0.118204E-26  -0.907576E-27   0.423290E-25   0.118225E-26  -0.907243E-27   0.100000E+01   0.000000E+00   0.000000E+00   0.303321E-22   0.107603E-23  -0.821148E-24
  60   0.728079E+02   0.423315E-25   0.118204E-26  -0.907576E-27   0.423290E-25   0.118225E-26  -0.907243E-27   0.100000E+01   0.000000E+00   0.000000E+00   0.102330E-22   0.349223E-24  -0.266681E-24
  61   0.742640E+02   0.423233E-25   0.118206E-26  -0.907151E-27   0.423283E-25   0.118201E-26  -0.907446E-27   0.100000E+01   0.000000E+00   0.000000E+00   0.349385E-23   0.114722E-24  -0.882445E-25
  62   0.757493E+02   0.423233E-25   0.118206E-26  -0.907151E-27   0.423283E-25   0.118201E-26  -0.907446E-27   0.100000E+01   0.000000E+00   0.000000E+00   0.120193E-23   0.380306E-25  -0.293483E-25
  63   0.772643E+02   0.423233E-25   0.118206E-26  -0.907151E-27   0.423211E-25   0.118203E-26  -0.907073E-27   0.100000E+01   0.000000E+00   0.000000E+00   0.413001E-24   0.125577E-25  -0.960668E-26
  64   0.788096E+02   0.423233E-25   0.118206E-26  -0.907151E-27   0.423283E-25   0.117442E-26  -0.907446E-27   0.100000E+01   0.000000E+00   0.000000E+00   0.138902E-24   0.405669E-26  -0.311518E-26
  65   0.803858E+02   0.423233E-25   0.118206E-26  -0.907151E-27   0.423283E-25   0.118201E-26  -0.907446E-27   0.100000E+01   0.000000E+00   0.000000E+00   0.423233E-25   0.118206E-26  -0.907151E-27
  66   0.819935E+02   0.423283E-25   0.118201E-26  -0.907446E-27   0.423259E-25   0.118216E-26  -0.907176E-27   0.100000E+01   0.000000E+00   0.000000E+00   0.423233E-25   0.118206E-26  -0.907151E-27
  67   0.836334E+02   0.423283E-25   0.118201E-26  -0.907446E-27   0.423331E-25   0.117456E-26  -0.907549E-27   0.100000E+01   0.000000E+00   0.000000E+00   0.423315E-25   0.118204E-26  -0.907576E-27
  68   0.853060E+02   0.423362E-25   0.117464E-26  -0.907616E-27   0.423339E-25   0.118217E-26  -0.907567E-27   0.100000E+01   0.000000E+00   0.000000E+00   0.423315E-25   0.118204E-26  -0.907576E-27
  69   0.870122E+02   0.423362E-25   0.118224E-26  -0.907616E-27   0.423339E-25   0.118239E-26  -0.907347E-27   0.100000E+01   0.000000E+00   0.000000E+00   0.423315E-25   0.118204E-26  -0.907576E-27
  70   0.887524E+02   0.423362E-25   0.118224E-26  -0.907616E-27   0.423410E-25   0.118237E-26  -0.907720E-27   0.100000E+01   0.000000E+00   0.000000E+00   0.423396E-25   0.118252E-26  -0.907501E-27
  71   0.905275E+02   0.423446E-25   0.118247E-26  -0.907797E-27   0.423423E-25   0.118262E-26  -0.907527E-27   0.100000E+01   0.000000E+00   0.000000E+00   0.423478E-25   0.117907E-26  -0.911430E-27
  72   0.923380E+02   0.423492E-25   0.118260E-26  -0.907896E-27   0.423541E-25   0.117514E-26  -0.907999E-27   0.100000E+01   0.000000E+00   0.000000E+00   0.423478E-25   0.118072E-26  -0.904386E-27
  73   0.941848E+02   0.423580E-25   0.118306E-26  -0.907865E-27   0.423559E-25   0.118300E-26  -0.907819E-27   0.100000E+01   0.000000E+00   0.000000E+00   0.423560E-25   0.118297E-26  -0.907852E-27
  74   0.960685E+02   0.423610E-25   0.118293E-26  -0.908148E-27   0.423658E-25   0.117546E-26  -0.908251E-27   0.100000E+01   0.000000E+00   0.000000E+00   0.423642E-25   0.118296E-26  -0.908278E-27
  75   0.979898E+02   0.423690E-25   0.118315E-26  -0.908318E-27   0.423738E-25   0.117568E-26  -0.908421E-27   0.100000E+01   0.000000E+00   0.000000E+00   0.423724E-25   0.117583E-26  -0.908203E-27
  76   0.146985E+03   0.426220E-25   0.118279E-26  -0.913523E-27   0.426200E-25   0.119016E-26  -0.913699E-27   0.452713E-21   0.173156E-22  -0.131647E-22   0.426187E-25   0.119031E-26  -0.913483E-27
  77   0.149924E+03   0.426382E-25   0.118566E-26  -0.913597E-27   0.426382E-25   0.118302E-26  -0.914090E-27   0.142383E-21   0.526710E-23  -0.399312E-23   0.426352E-25   0.119077E-26  -0.913837E-27
  78   0.152923E+03   0.426547E-25   0.118612E-26  -0.913950E-27   0.426547E-25   0.118348E-26  -0.914444E-27   0.455753E-22   0.161787E-23  -0.123279E-23   0.426517E-25   0.119123E-26  -0.914190E-27
  79   0.155981E+03   0.426712E-25   0.118658E-26  -0.914304E-27   0.426712E-25   0.118394E-26  -0.914797E-27   0.148183E-22   0.507629E-24  -0.388622E-24   0.426682E-25   0.119169E-26  -0.914543E-27
  80   0.159101E+03   0.426877E-25   0.118703E-26  -0.914657E-27   0.426877E-25   0.119205E-26  -0.915151E-27   0.488081E-23   0.160835E-24  -0.124013E-24   0.426847E-25   0.119405E-26  -0.907826E-27
  81   0.162283E+03   0.427060E-25   0.118755E-26  -0.915050E-27   0.427060E-25   0.119256E-26  -0.915544E-27   0.162166E-23   0.513036E-25  -0.395838E-25   0.427094E-25   0.118444E-26  -0.916184E-27
  82   0.165529E+03   0.427210E-25   0.118855E-26  -0.908240E-27   0.427219E-25   0.119490E-26  -0.908806E-27   0.539220E-24   0.164173E-25  -0.126318E-25   0.427259E-25   0.118539E-26  -0.916034E-27
  83   0.168839E+03   0.427380E-25   0.119646E-26  -0.908601E-27   0.427458E-25   0.118601E-26  -0.916398E-27   0.176069E-24   0.517170E-26  -0.394981E-26   0.427424E-25   0.119231E-26  -0.912294E-27
  84   0.172216E+03   0.427606E-25   0.118906E-26  -0.916219E-27   0.427606E-25   0.119409E-26  -0.916714E-27   0.522580E-25   0.146868E-26  -0.112032E-26   0.427657E-25   0.118613E-26  -0.917267E-27
  85   0.175660E+03   0.427775E-25   0.119756E-26  -0.909440E-27   0.427781E-25   0.119670E-26  -0.909781E-27   0.427778E-25   0.119669E-26  -0.909775E-27   0.427847E-25   0.118709E-26  -0.917232E-27
  86   0.179174E+03   0.427969E-25   0.119811E-26  -0.909853E-27   0.427975E-25   0.119724E-26  -0.910194E-27   0.428044E-25   0.118763E-26  -0.917654E-27   0.428021E-25   0.118757E-26  -0.917605E-27
  87   0.182757E+03   0.428216E-25   0.118833E-26  -0.917800E-27   0.428195E-25   0.119573E-26  -0.917977E-27   0.428244E-25   0.118819E-26  -0.918081E-27   0.428221E-25   0.118812E-26  -0.918032E-27
  88   0.186412E+03   0.428415E-25   0.118888E-26  -0.918227E-27   0.428394E-25   0.118860E-26  -0.918404E-27   0.428371E-25   0.119622E-26  -0.918354E-27   0.428420E-25   0.118868E-26  -0.918459E-27
  89   0.190140E+03   0.428614E-25   0.118943E-26  -0.918654E-27   0.428594E-25   0.118916E-26  -0.918831E-27   0.428570E-25   0.119868E-26  -0.911681E-27   0.428565E-25   0.119889E-26  -0.911450E-27
  90   0.193943E+03   0.428780E-25   0.119291E-26  -0.911579E-27   0.428789E-25   0.118970E-26  -0.919250E-27   0.428766E-25   0.119922E-26  -0.912096E-27   0.428833E-25   0.118982E-26  -0.919345E-27
  91   0.197822E+03   0.428955E-25   0.120087E-26  -0.911949E-27   0.429034E-25   0.119038E-26  -0.919775E-27   0.429011E-25   0.119031E-26  -0.919725E-27   0.428987E-25   0.119238E-26  -0.912568E-27
  92   0.201779E+03   0.429203E-25   0.119876E-26  -0.919916E-27   0.429181E-25   0.120062E-26  -0.912760E-27   0.429178E-25   0.120061E-26  -0.912754E-27   0.429248E-25   0.119097E-26  -0.920235E-27
  93   0.205814E+03   0.429371E-25   0.120203E-26  -0.912832E-27   0.429449E-25   0.119153E-26  -0.920665E-27   0.429426E-25   0.119147E-26  -0.920616E-27   0.429403E-25   0.119910E-26  -0.920566E-27
  94   0.209930E+03   0.429597E-25   0.119519E-26  -0.913316E-27   0.429606E-25   0.119410E-26  -0.913883E-27   0.429603E-25   0.119409E-26  -0.913878E-27   0.429601E-25   0.119409E-26  -0.913873E-27
  95   0.314896E+03   0.433837E-25   0.121201E-26  -0.924222E-27   0.433892E-25   0.120386E-26  -0.930190E-27   0.433868E-25   0.121158E-26  -0.930140E-27   0.433844E-25   0.120611E-26  -0.922677E-27
  96   0.472343E+03   0.437088E-25   0.120489E-26  -0.937041E-27   0.437041E-25   0.121282E-26  -0.936715E-27   0.437020E-25   0.121471E-26  -0.929654E-27   0.437017E-25   0.121470E-26  -0.929649E-27
  97   0.708515E+03   0.437903E-25   0.121716E-26  -0.931534E-27   0.437901E-25   0.121716E-26  -0.931530E-27   0.437899E-25   0.121715E-26  -0.931525E-27   0.437897E-25   0.121714E-26  -0.931520E-27
  98   0.106277E+04   0.436488E-25   0.121128E-26  -0.935530E-27   0.436467E-25   0.121317E-26  -0.928479E-27   0.436465E-25   0.121316E-26  -0.928474E-27   0.436462E-25   0.121316E-26  -0.928469E-27
  99   0.159416E+04   0.434323E-25   0.120527E-26  -0.930889E-27   0.434302E-25   0.120715E-26  -0.923872E-27   0.434299E-25   0.120715E-26  -0.923868E-27   0.434297E-25   0.120714E-26  -0.923863E-27
 100   0.239124E+04   0.433414E-25   0.119714E-26  -0.921983E-27   0.433396E-25   0.119816E-26  -0.921443E-27   0.433388E-25   0.120568E-26  -0.921428E-27   0.433397E-25   0.120464E-26  -0.921947E-27
 101   0.358686E+04   0.434496E-25   0.120037E-26  -0.924063E-27   0.434481E-25   0.120116E-26  -0.923750E-27   0.434473E-25   0.120114E-26  -0.923734E-27   0.434466E-25   0.120868E-26  -0.923718E-27
 102   0.538029E+04   0.437351E-25   0.120583E-26  -0.937380E-27   0.437307E-25   0.120813E-26  -0.930041E-27   0.437291E-25   0.121654E-26  -0.929725E-27   0.437299E-25   0.120788E-26  -0.930249E-27
 103   0.807043E+04   0.441327E-25   0.122722E-26  -0.931507E-27   0.441389E-25   0.122026E-26  -0.938438E-27   0.441382E-25   0.122329E-26  -0.934738E-27   0.441404E-25   0.122030E-26  -0.938469E-27
 104   0.121056E+05   0.446317E-25   0.123302E-26  -0.949204E-27   0.446301E-25   0.123384E-26  -0.948880E-27   0.446293E-25   0.123382E-26  -0.948864E-27   0.446285E-25   0.123379E-26  -0.948848E-27
 105   0.181585E+05   0.451792E-25   0.124700E-26  -0.954987E-27   0.451780E-25   0.124812E-26  -0.960822E-27   0.451764E-25   0.124894E-26  -0.960496E-27   0.451756E-25   0.124842E-26  -0.952938E-27
 106   0.272377E+05   0.457687E-25   0.126370E-26  -0.974089E-27   0.457663E-25   0.126525E-26  -0.973038E-27   0.457655E-25   0.126523E-26  -0.973021E-27   0.457647E-25   0.126521E-26  -0.973005E-27
 107   0.408566E+05   0.463768E-25   0.128155E-26  -0.978873E-27   0.463771E-25   0.128181E-26  -0.978640E-27   0.463777E-25   0.128183E-26  -0.978652E-27   0.463782E-25   0.128184E-26  -0.978663E-27
 108   0.612848E+05   0.470031E-25   0.129886E-26  -0.992089E-27   0.470114E-25   0.129155E-26  -0.999452E-27   0.470123E-25   0.129158E-26  -0.999472E-27   0.470053E-25   0.129917E-26  -0.991896E-27
 109   0.919272E+05   0.476467E-25   0.131690E-26  -0.100543E-26   0.476473E-25   0.131692E-26  -0.100544E-26   0.476478E-25   0.130864E-26  -0.100545E-26   0.476481E-25   0.131733E-26  -0.101299E-26
 110   0.137891E+06   0.483019E-25   0.132270E-26  -0.102298E-26   0.482983E-25   0.132638E-26  -0.101875E-26   0.482985E-25   0.132638E-26  -0.101875E-26   0.482986E-25   0.132638E-26  -0.101876E-26
 111   0.300000E+06   0.495578E-25   0.135924E-26  -0.104753E-26   0.495563E-25   0.136092E-26  -0.104528E-26   0.495564E-25   0.136093E-26  -0.104529E-26   0.495565E-25   0.136093E-26  -0.104529E-26
