# Thermal sigma v for some different final states
# The final states are:
# Case 1: PDG = 12
# Case 2: PDG = 15
# Case 3: PDG =  6
# Case 4: PDG = 24
#  i     Mass [GeV]      sigvmid_1     sigvperr_1     sigvmerr_1      sigvmid_2     sigvperr_2     sigvmerr_2      sigvmid_3     sigvperr_3     sigvmerr_3      sigvmid_4     sigvperr_4     sigvmerr_4, sigv in units of cm^3/s^1
   1   0.100000E-02   0.602706E-24   0.184554E-25  -0.141190E-25   0.100000E+01   0.000000E+00   0.000000E+00   0.100000E+01   0.000000E+00   0.000000E+00   0.100000E+01   0.000000E+00   0.000000E+00
   2   0.110000E-02   0.604806E-24   0.185435E-25  -0.141224E-25   0.100000E+01   0.000000E+00   0.000000E+00   0.100000E+01   0.000000E+00   0.000000E+00   0.100000E+01   0.000000E+00   0.000000E+00
   3   0.121000E-02   0.604689E-24   0.184957E-25  -0.142615E-25   0.100000E+01   0.000000E+00   0.000000E+00   0.100000E+01   0.000000E+00   0.000000E+00   0.100000E+01   0.000000E+00   0.000000E+00
   4   0.133100E-02   0.601659E-24   0.185325E-25  -0.140906E-25   0.100000E+01   0.000000E+00   0.000000E+00   0.100000E+01   0.000000E+00   0.000000E+00   0.100000E+01   0.000000E+00   0.000000E+00
   5   0.146410E-02   0.595643E-24   0.183229E-25  -0.140482E-25   0.100000E+01   0.000000E+00   0.000000E+00   0.100000E+01   0.000000E+00   0.000000E+00   0.100000E+01   0.000000E+00   0.000000E+00
   6   0.161051E-02   0.586506E-24   0.181522E-25  -0.139296E-25   0.100000E+01   0.000000E+00   0.000000E+00   0.100000E+01   0.000000E+00   0.000000E+00   0.100000E+01   0.000000E+00   0.000000E+00
   7   0.177156E-02   0.574281E-24   0.177620E-25  -0.136505E-25   0.100000E+01   0.000000E+00   0.000000E+00   0.100000E+01   0.000000E+00   0.000000E+00   0.100000E+01   0.000000E+00   0.000000E+00
   8   0.194872E-02   0.559494E-24   0.174139E-25  -0.132880E-25   0.100000E+01   0.000000E+00   0.000000E+00   0.100000E+01   0.000000E+00   0.000000E+00   0.100000E+01   0.000000E+00   0.000000E+00
   9   0.214359E-02   0.539637E-24   0.167846E-25  -0.129092E-25   0.100000E+01   0.000000E+00   0.000000E+00   0.100000E+01   0.000000E+00   0.000000E+00   0.100000E+01   0.000000E+00   0.000000E+00
  10   0.235795E-02   0.522702E-24   0.162687E-25  -0.124142E-25   0.100000E+01   0.000000E+00   0.000000E+00   0.100000E+01   0.000000E+00   0.000000E+00   0.100000E+01   0.000000E+00   0.000000E+00
  11   0.259374E-02   0.506396E-24   0.157613E-25  -0.120270E-25   0.100000E+01   0.000000E+00   0.000000E+00   0.100000E+01   0.000000E+00   0.000000E+00   0.100000E+01   0.000000E+00   0.000000E+00
  12   0.285312E-02   0.491549E-24   0.152133E-25  -0.116743E-25   0.100000E+01   0.000000E+00   0.000000E+00   0.100000E+01   0.000000E+00   0.000000E+00   0.100000E+01   0.000000E+00   0.000000E+00
  13   0.313843E-02   0.478984E-24   0.148244E-25  -0.113759E-25   0.100000E+01   0.000000E+00   0.000000E+00   0.100000E+01   0.000000E+00   0.000000E+00   0.100000E+01   0.000000E+00   0.000000E+00
  14   0.345227E-02   0.469091E-24   0.144300E-25  -0.110634E-25   0.100000E+01   0.000000E+00   0.000000E+00   0.100000E+01   0.000000E+00   0.000000E+00   0.100000E+01   0.000000E+00   0.000000E+00
  15   0.379750E-02   0.461806E-24   0.142153E-25  -0.108242E-25   0.100000E+01   0.000000E+00   0.000000E+00   0.100000E+01   0.000000E+00   0.000000E+00   0.100000E+01   0.000000E+00   0.000000E+00
  16   0.417725E-02   0.456923E-24   0.139945E-25  -0.107009E-25   0.100000E+01   0.000000E+00   0.000000E+00   0.100000E+01   0.000000E+00   0.000000E+00   0.100000E+01   0.000000E+00   0.000000E+00
  17   0.459497E-02   0.454019E-24   0.138171E-25  -0.106417E-25   0.100000E+01   0.000000E+00   0.000000E+00   0.100000E+01   0.000000E+00   0.000000E+00   0.100000E+01   0.000000E+00   0.000000E+00
  18   0.505447E-02   0.452705E-24   0.137680E-25  -0.105273E-25   0.100000E+01   0.000000E+00   0.000000E+00   0.100000E+01   0.000000E+00   0.000000E+00   0.100000E+01   0.000000E+00   0.000000E+00
  19   0.555992E-02   0.452792E-24   0.136886E-25  -0.105322E-25   0.100000E+01   0.000000E+00   0.000000E+00   0.100000E+01   0.000000E+00   0.000000E+00   0.100000E+01   0.000000E+00   0.000000E+00
  20   0.611591E-02   0.454019E-24   0.136404E-25  -0.105666E-25   0.100000E+01   0.000000E+00   0.000000E+00   0.100000E+01   0.000000E+00   0.000000E+00   0.100000E+01   0.000000E+00   0.000000E+00
  21   0.672750E-02   0.456041E-24   0.137960E-25  -0.105295E-25   0.100000E+01   0.000000E+00   0.000000E+00   0.100000E+01   0.000000E+00   0.000000E+00   0.100000E+01   0.000000E+00   0.000000E+00
  22   0.740025E-02   0.458781E-24   0.138758E-25  -0.105957E-25   0.100000E+01   0.000000E+00   0.000000E+00   0.100000E+01   0.000000E+00   0.000000E+00   0.100000E+01   0.000000E+00   0.000000E+00
  23   0.814027E-02   0.462163E-24   0.138797E-25  -0.106849E-25   0.100000E+01   0.000000E+00   0.000000E+00   0.100000E+01   0.000000E+00   0.000000E+00   0.100000E+01   0.000000E+00   0.000000E+00
  24   0.895430E-02   0.466019E-24   0.140166E-25  -0.107599E-25   0.100000E+01   0.000000E+00   0.000000E+00   0.100000E+01   0.000000E+00   0.000000E+00   0.100000E+01   0.000000E+00   0.000000E+00
  25   0.984973E-02   0.470271E-24   0.141351E-25  -0.107832E-25   0.100000E+01   0.000000E+00   0.000000E+00   0.100000E+01   0.000000E+00   0.000000E+00   0.100000E+01   0.000000E+00   0.000000E+00
  26   0.108347E-01   0.474928E-24   0.142017E-25  -0.109656E-25   0.100000E+01   0.000000E+00   0.000000E+00   0.100000E+01   0.000000E+00   0.000000E+00   0.100000E+01   0.000000E+00   0.000000E+00
  27   0.119182E-01   0.479817E-24   0.143447E-25  -0.110815E-25   0.100000E+01   0.000000E+00   0.000000E+00   0.100000E+01   0.000000E+00   0.000000E+00   0.100000E+01   0.000000E+00   0.000000E+00
  28   0.131100E-01   0.484851E-24   0.145144E-25  -0.110556E-25   0.100000E+01   0.000000E+00   0.000000E+00   0.100000E+01   0.000000E+00   0.000000E+00   0.100000E+01   0.000000E+00   0.000000E+00
  29   0.144210E-01   0.490126E-24   0.147322E-25  -0.112004E-25   0.100000E+01   0.000000E+00   0.000000E+00   0.100000E+01   0.000000E+00   0.000000E+00   0.100000E+01   0.000000E+00   0.000000E+00
  30   0.158631E-01   0.495650E-24   0.148115E-25  -0.113652E-25   0.100000E+01   0.000000E+00   0.000000E+00   0.100000E+01   0.000000E+00   0.000000E+00   0.100000E+01   0.000000E+00   0.000000E+00
  31   0.174494E-01   0.501237E-24   0.149718E-25  -0.114996E-25   0.100000E+01   0.000000E+00   0.000000E+00   0.100000E+01   0.000000E+00   0.000000E+00   0.100000E+01   0.000000E+00   0.000000E+00
  32   0.191943E-01   0.506984E-24   0.150652E-25  -0.116219E-25   0.100000E+01   0.000000E+00   0.000000E+00   0.100000E+01   0.000000E+00   0.000000E+00   0.100000E+01   0.000000E+00   0.000000E+00
  33   0.211138E-01   0.512698E-24   0.152350E-25  -0.117528E-25   0.100000E+01   0.000000E+00   0.000000E+00   0.100000E+01   0.000000E+00   0.000000E+00   0.100000E+01   0.000000E+00   0.000000E+00
  34   0.232252E-01   0.518477E-24   0.155450E-25  -0.117995E-25   0.100000E+01   0.000000E+00   0.000000E+00   0.100000E+01   0.000000E+00   0.000000E+00   0.100000E+01   0.000000E+00   0.000000E+00
  35   0.255477E-01   0.524321E-24   0.157202E-25  -0.119325E-25   0.100000E+01   0.000000E+00   0.000000E+00   0.100000E+01   0.000000E+00   0.000000E+00   0.100000E+01   0.000000E+00   0.000000E+00
  36   0.281024E-01   0.530230E-24   0.158047E-25  -0.120670E-25   0.100000E+01   0.000000E+00   0.000000E+00   0.100000E+01   0.000000E+00   0.000000E+00   0.100000E+01   0.000000E+00   0.000000E+00
  37   0.309127E-01   0.536206E-24   0.158893E-25  -0.122030E-25   0.100000E+01   0.000000E+00   0.000000E+00   0.100000E+01   0.000000E+00   0.000000E+00   0.100000E+01   0.000000E+00   0.000000E+00
  38   0.340039E-01   0.542145E-24   0.161563E-25  -0.123416E-25   0.100000E+01   0.000000E+00   0.000000E+00   0.100000E+01   0.000000E+00   0.000000E+00   0.100000E+01   0.000000E+00   0.000000E+00
  39   0.374043E-01   0.548256E-24   0.163312E-25  -0.124876E-25   0.100000E+01   0.000000E+00   0.000000E+00   0.100000E+01   0.000000E+00   0.000000E+00   0.100000E+01   0.000000E+00   0.000000E+00
  40   0.411448E-01   0.554435E-24   0.164258E-25  -0.126214E-25   0.100000E+01   0.000000E+00   0.000000E+00   0.100000E+01   0.000000E+00   0.000000E+00   0.100000E+01   0.000000E+00   0.000000E+00
  41   0.452593E-01   0.560576E-24   0.167093E-25  -0.127576E-25   0.100000E+01   0.000000E+00   0.000000E+00   0.100000E+01   0.000000E+00   0.000000E+00   0.100000E+01   0.000000E+00   0.000000E+00
  42   0.497852E-01   0.566785E-24   0.168092E-25  -0.128366E-25   0.100000E+01   0.000000E+00   0.000000E+00   0.100000E+01   0.000000E+00   0.000000E+00   0.100000E+01   0.000000E+00   0.000000E+00
  43   0.547637E-01   0.573062E-24   0.169814E-25  -0.130418E-25   0.100000E+01   0.000000E+00   0.000000E+00   0.100000E+01   0.000000E+00   0.000000E+00   0.100000E+01   0.000000E+00   0.000000E+00
  44   0.602401E-01   0.579297E-24   0.171662E-25  -0.131837E-25   0.100000E+01   0.000000E+00   0.000000E+00   0.100000E+01   0.000000E+00   0.000000E+00   0.100000E+01   0.000000E+00   0.000000E+00
  45   0.662641E-01   0.585487E-24   0.173226E-25  -0.133503E-25   0.100000E+01   0.000000E+00   0.000000E+00   0.100000E+01   0.000000E+00   0.000000E+00   0.100000E+01   0.000000E+00   0.000000E+00
  46   0.728905E-01   0.591743E-24   0.175350E-25  -0.134669E-25   0.100000E+01   0.000000E+00   0.000000E+00   0.100000E+01   0.000000E+00   0.000000E+00   0.100000E+01   0.000000E+00   0.000000E+00
  47   0.801795E-01   0.598065E-24   0.176140E-25  -0.136146E-25   0.100000E+01   0.000000E+00   0.000000E+00   0.100000E+01   0.000000E+00   0.000000E+00   0.100000E+01   0.000000E+00   0.000000E+00
  48   0.881975E-01   0.604339E-24   0.178963E-25  -0.137650E-25   0.100000E+01   0.000000E+00   0.000000E+00   0.100000E+01   0.000000E+00   0.000000E+00   0.100000E+01   0.000000E+00   0.000000E+00
  49   0.970172E-01   0.610678E-24   0.180921E-25  -0.139017E-25   0.100000E+01   0.000000E+00   0.000000E+00   0.100000E+01   0.000000E+00   0.000000E+00   0.100000E+01   0.000000E+00   0.000000E+00
  50   0.106719E+00   0.617084E-24   0.182575E-25  -0.140707E-25   0.100000E+01   0.000000E+00   0.000000E+00   0.100000E+01   0.000000E+00   0.000000E+00   0.100000E+01   0.000000E+00   0.000000E+00
  51   0.117391E+00   0.623557E-24   0.183647E-25  -0.141949E-25   0.100000E+01   0.000000E+00   0.000000E+00   0.100000E+01   0.000000E+00   0.000000E+00   0.100000E+01   0.000000E+00   0.000000E+00
  52   0.129130E+00   0.629976E-24   0.186101E-25  -0.142328E-25   0.100000E+01   0.000000E+00   0.000000E+00   0.100000E+01   0.000000E+00   0.000000E+00   0.100000E+01   0.000000E+00   0.000000E+00
  53   0.142043E+00   0.636461E-24   0.187810E-25  -0.143016E-25   0.100000E+01   0.000000E+00   0.000000E+00   0.100000E+01   0.000000E+00   0.000000E+00   0.100000E+01   0.000000E+00   0.000000E+00
  54   0.156247E+00   0.643013E-24   0.189953E-25  -0.145274E-25   0.100000E+01   0.000000E+00   0.000000E+00   0.100000E+01   0.000000E+00   0.000000E+00   0.100000E+01   0.000000E+00   0.000000E+00
  55   0.171872E+00   0.649507E-24   0.190739E-25  -0.146741E-25   0.100000E+01   0.000000E+00   0.000000E+00   0.100000E+01   0.000000E+00   0.000000E+00   0.100000E+01   0.000000E+00   0.000000E+00
  56   0.189059E+00   0.655940E-24   0.191954E-25  -0.149403E-25   0.100000E+01   0.000000E+00   0.000000E+00   0.100000E+01   0.000000E+00   0.000000E+00   0.100000E+01   0.000000E+00   0.000000E+00
  57   0.207965E+00   0.662052E-24   0.195534E-25  -0.148603E-25   0.100000E+01   0.000000E+00   0.000000E+00   0.100000E+01   0.000000E+00   0.000000E+00   0.100000E+01   0.000000E+00   0.000000E+00
  58   0.228762E+00   0.668093E-24   0.197448E-25  -0.149835E-25   0.100000E+01   0.000000E+00   0.000000E+00   0.100000E+01   0.000000E+00   0.000000E+00   0.100000E+01   0.000000E+00   0.000000E+00
  59   0.251638E+00   0.673797E-24   0.197872E-25  -0.152229E-25   0.100000E+01   0.000000E+00   0.000000E+00   0.100000E+01   0.000000E+00   0.000000E+00   0.100000E+01   0.000000E+00   0.000000E+00
  60   0.276801E+00   0.678895E-24   0.200597E-25  -0.152299E-25   0.100000E+01   0.000000E+00   0.000000E+00   0.100000E+01   0.000000E+00   0.000000E+00   0.100000E+01   0.000000E+00   0.000000E+00
  61   0.304482E+00   0.683370E-24   0.201561E-25  -0.154689E-25   0.100000E+01   0.000000E+00   0.000000E+00   0.100000E+01   0.000000E+00   0.000000E+00   0.100000E+01   0.000000E+00   0.000000E+00
  62   0.334930E+00   0.686679E-24   0.201655E-25  -0.155139E-25   0.100000E+01   0.000000E+00   0.000000E+00   0.100000E+01   0.000000E+00   0.000000E+00   0.100000E+01   0.000000E+00   0.000000E+00
  63   0.368423E+00   0.688406E-24   0.203317E-25  -0.155572E-25   0.100000E+01   0.000000E+00   0.000000E+00   0.100000E+01   0.000000E+00   0.000000E+00   0.100000E+01   0.000000E+00   0.000000E+00
  64   0.405265E+00   0.688539E-24   0.202831E-25  -0.156699E-25   0.100000E+01   0.000000E+00   0.000000E+00   0.100000E+01   0.000000E+00   0.000000E+00   0.100000E+01   0.000000E+00   0.000000E+00
  65   0.445792E+00   0.686945E-24   0.202361E-25  -0.156336E-25   0.100000E+01   0.000000E+00   0.000000E+00   0.100000E+01   0.000000E+00   0.000000E+00   0.100000E+01   0.000000E+00   0.000000E+00
  66   0.490371E+00   0.684030E-24   0.202697E-25  -0.155672E-25   0.100000E+01   0.000000E+00   0.000000E+00   0.100000E+01   0.000000E+00   0.000000E+00   0.100000E+01   0.000000E+00   0.000000E+00
  67   0.539408E+00   0.680208E-24   0.201457E-25  -0.154312E-25   0.100000E+01   0.000000E+00   0.000000E+00   0.100000E+01   0.000000E+00   0.000000E+00   0.100000E+01   0.000000E+00   0.000000E+00
  68   0.593349E+00   0.676015E-24   0.200215E-25  -0.153361E-25   0.100000E+01   0.000000E+00   0.000000E+00   0.100000E+01   0.000000E+00   0.000000E+00   0.100000E+01   0.000000E+00   0.000000E+00
  69   0.652683E+00   0.671588E-24   0.197793E-25  -0.152883E-25   0.100000E+01   0.000000E+00   0.000000E+00   0.100000E+01   0.000000E+00   0.000000E+00   0.100000E+01   0.000000E+00   0.000000E+00
  70   0.717952E+00   0.667190E-24   0.196410E-25  -0.151965E-25   0.100000E+01   0.000000E+00   0.000000E+00   0.100000E+01   0.000000E+00   0.000000E+00   0.100000E+01   0.000000E+00   0.000000E+00
  71   0.789747E+00   0.662949E-24   0.195293E-25  -0.150875E-25   0.100000E+01   0.000000E+00   0.000000E+00   0.100000E+01   0.000000E+00   0.000000E+00   0.100000E+01   0.000000E+00   0.000000E+00
  72   0.868722E+00   0.658989E-24   0.193996E-25  -0.150097E-25   0.100000E+01   0.000000E+00   0.000000E+00   0.100000E+01   0.000000E+00   0.000000E+00   0.100000E+01   0.000000E+00   0.000000E+00
  73   0.955594E+00   0.655306E-24   0.193584E-25  -0.148051E-25   0.100000E+01   0.000000E+00   0.000000E+00   0.100000E+01   0.000000E+00   0.000000E+00   0.100000E+01   0.000000E+00   0.000000E+00
  74   0.105115E+01   0.652148E-24   0.191472E-25  -0.147378E-25   0.100000E+01   0.000000E+00   0.000000E+00   0.100000E+01   0.000000E+00   0.000000E+00   0.100000E+01   0.000000E+00   0.000000E+00
  75   0.115627E+01   0.649382E-24   0.191349E-25  -0.146282E-25   0.100000E+01   0.000000E+00   0.000000E+00   0.100000E+01   0.000000E+00   0.000000E+00   0.100000E+01   0.000000E+00   0.000000E+00
  76   0.117939E+01   0.648880E-24   0.190427E-25  -0.146720E-25   0.100000E+01   0.000000E+00   0.000000E+00   0.100000E+01   0.000000E+00   0.000000E+00   0.100000E+01   0.000000E+00   0.000000E+00
  77   0.120298E+01   0.648253E-24   0.190371E-25  -0.146458E-25   0.100000E+01   0.000000E+00   0.000000E+00   0.100000E+01   0.000000E+00   0.000000E+00   0.100000E+01   0.000000E+00   0.000000E+00
  78   0.122704E+01   0.647752E-24   0.190224E-25  -0.146345E-25   0.100000E+01   0.000000E+00   0.000000E+00   0.100000E+01   0.000000E+00   0.000000E+00   0.100000E+01   0.000000E+00   0.000000E+00
  79   0.125158E+01   0.647252E-24   0.190077E-25  -0.146231E-25   0.100000E+01   0.000000E+00   0.000000E+00   0.100000E+01   0.000000E+00   0.000000E+00   0.100000E+01   0.000000E+00   0.000000E+00
  80   0.127661E+01   0.646752E-24   0.189930E-25  -0.146118E-25   0.100000E+01   0.000000E+00   0.000000E+00   0.100000E+01   0.000000E+00   0.000000E+00   0.100000E+01   0.000000E+00   0.000000E+00
  81   0.130215E+01   0.646252E-24   0.189783E-25  -0.146006E-25   0.900562E-18   0.453180E-19  -0.338101E-19   0.100000E+01   0.000000E+00   0.000000E+00   0.100000E+01   0.000000E+00   0.000000E+00
  82   0.132819E+01   0.645753E-24   0.189637E-25  -0.145893E-25   0.289881E-18   0.140660E-19  -0.106169E-19   0.100000E+01   0.000000E+00   0.000000E+00   0.100000E+01   0.000000E+00   0.000000E+00
  83   0.135475E+01   0.645254E-24   0.189490E-25  -0.145780E-25   0.956091E-19   0.446976E-20  -0.340419E-20   0.100000E+01   0.000000E+00   0.000000E+00   0.100000E+01   0.000000E+00   0.000000E+00
  84   0.138185E+01   0.644755E-24   0.190551E-25  -0.144601E-25   0.323112E-19   0.146318E-20  -0.111815E-20   0.100000E+01   0.000000E+00   0.000000E+00   0.100000E+01   0.000000E+00   0.000000E+00
  85   0.140948E+01   0.644257E-24   0.190404E-25  -0.144489E-25   0.111888E-19   0.488988E-21  -0.372552E-21   0.100000E+01   0.000000E+00   0.000000E+00   0.100000E+01   0.000000E+00   0.000000E+00
  86   0.143767E+01   0.643759E-24   0.190257E-25  -0.144377E-25   0.397072E-20   0.168900E-21  -0.128276E-21   0.100000E+01   0.000000E+00   0.000000E+00   0.100000E+01   0.000000E+00   0.000000E+00
  87   0.146643E+01   0.643262E-24   0.188905E-25  -0.145330E-25   0.144500E-20   0.589557E-22  -0.452729E-22   0.100000E+01   0.000000E+00   0.000000E+00   0.100000E+01   0.000000E+00   0.000000E+00
  88   0.149576E+01   0.642765E-24   0.188759E-25  -0.145218E-25   0.539333E-21   0.214342E-22  -0.161896E-22   0.100000E+01   0.000000E+00   0.000000E+00   0.100000E+01   0.000000E+00   0.000000E+00
  89   0.152567E+01   0.642144E-24   0.189738E-25  -0.144055E-25   0.206742E-21   0.788084E-23  -0.603384E-23   0.100000E+01   0.000000E+00   0.000000E+00   0.100000E+01   0.000000E+00   0.000000E+00
  90   0.155619E+01   0.641648E-24   0.187856E-25  -0.146067E-25   0.814868E-22   0.300639E-23  -0.231211E-23   0.100000E+01   0.000000E+00   0.000000E+00   0.100000E+01   0.000000E+00   0.000000E+00
  91   0.158731E+01   0.640904E-24   0.189288E-25  -0.143856E-25   0.330942E-22   0.118061E-23  -0.895186E-24   0.100000E+01   0.000000E+00   0.000000E+00   0.100000E+01   0.000000E+00   0.000000E+00
  92   0.161906E+01   0.640285E-24   0.188031E-25  -0.144658E-25   0.139029E-22   0.478703E-24  -0.364613E-24   0.100000E+01   0.000000E+00   0.000000E+00   0.100000E+01   0.000000E+00   0.000000E+00
  93   0.165144E+01   0.639543E-24   0.187813E-25  -0.144490E-25   0.607660E-23   0.201214E-24  -0.154481E-24   0.100000E+01   0.000000E+00   0.000000E+00   0.100000E+01   0.000000E+00   0.000000E+00
  94   0.168446E+01   0.638679E-24   0.188714E-25  -0.143277E-25   0.279332E-23   0.888326E-25  -0.686677E-25   0.100000E+01   0.000000E+00   0.000000E+00   0.100000E+01   0.000000E+00   0.000000E+00
  95   0.171815E+01   0.637816E-24   0.188500E-25  -0.143044E-25   0.138029E-23   0.426911E-25  -0.325628E-25   0.100000E+01   0.000000E+00   0.000000E+00   0.100000E+01   0.000000E+00   0.000000E+00
  96   0.175252E+01   0.636953E-24   0.186927E-25  -0.144024E-25   0.778314E-24   0.232641E-25  -0.178411E-25   0.100000E+01   0.000000E+00   0.000000E+00   0.100000E+01   0.000000E+00   0.000000E+00
  97   0.178757E+01   0.635970E-24   0.186639E-25  -0.143801E-25   0.635952E-24   0.186764E-25  -0.143674E-25   0.100000E+01   0.000000E+00   0.000000E+00   0.100000E+01   0.000000E+00   0.000000E+00
  98   0.182332E+01   0.634864E-24   0.186439E-25  -0.143433E-25   0.634859E-24   0.186443E-25  -0.143427E-25   0.100000E+01   0.000000E+00   0.000000E+00   0.100000E+01   0.000000E+00   0.000000E+00
  99   0.185979E+01   0.633761E-24   0.185547E-25  -0.144272E-25   0.633701E-24   0.186103E-25  -0.143165E-25   0.100000E+01   0.000000E+00   0.000000E+00   0.100000E+01   0.000000E+00   0.000000E+00
 100   0.189698E+01   0.632416E-24   0.186904E-25  -0.141833E-25   0.632419E-24   0.186802E-25  -0.141932E-25   0.100000E+01   0.000000E+00   0.000000E+00   0.100000E+01   0.000000E+00   0.000000E+00
 101   0.193492E+01   0.631195E-24   0.185938E-25  -0.143648E-25   0.631143E-24   0.186343E-25  -0.142691E-25   0.100000E+01   0.000000E+00   0.000000E+00   0.100000E+01   0.000000E+00   0.000000E+00
 102   0.197362E+01   0.629733E-24   0.186029E-25  -0.142273E-25   0.629732E-24   0.185926E-25  -0.142371E-25   0.100000E+01   0.000000E+00   0.000000E+00   0.100000E+01   0.000000E+00   0.000000E+00
 103   0.201309E+01   0.628274E-24   0.185078E-25  -0.142983E-25   0.628223E-24   0.185480E-25  -0.142030E-25   0.100000E+01   0.000000E+00   0.000000E+00   0.100000E+01   0.000000E+00   0.000000E+00
 104   0.205335E+01   0.626698E-24   0.183753E-25  -0.141861E-25   0.626665E-24   0.185128E-25  -0.141576E-25   0.100000E+01   0.000000E+00   0.000000E+00   0.100000E+01   0.000000E+00   0.000000E+00
 105   0.209442E+01   0.625005E-24   0.184074E-25  -0.142278E-25   0.624950E-24   0.184514E-25  -0.141290E-25   0.100000E+01   0.000000E+00   0.000000E+00   0.100000E+01   0.000000E+00   0.000000E+00
 106   0.213631E+01   0.623196E-24   0.183582E-25  -0.141827E-25   0.623145E-24   0.183981E-25  -0.140882E-25   0.100000E+01   0.000000E+00   0.000000E+00   0.100000E+01   0.000000E+00   0.000000E+00
 107   0.234994E+01   0.612214E-24   0.181416E-25  -0.139328E-25   0.612151E-24   0.181402E-25  -0.139309E-25   0.100000E+01   0.000000E+00   0.000000E+00   0.100000E+01   0.000000E+00   0.000000E+00
 108   0.258493E+01   0.593231E-24   0.177745E-25  -0.135120E-25   0.593268E-24   0.177296E-25  -0.136026E-25   0.100000E+01   0.000000E+00   0.000000E+00   0.100000E+01   0.000000E+00   0.000000E+00
 109   0.284343E+01   0.561769E-24   0.168852E-25  -0.130671E-25   0.561665E-24   0.170403E-25  -0.130147E-25   0.100000E+01   0.000000E+00   0.000000E+00   0.100000E+01   0.000000E+00   0.000000E+00
 110   0.312777E+01   0.517676E-24   0.158552E-25  -0.121237E-25   0.517692E-24   0.158531E-25  -0.121266E-25   0.100000E+01   0.000000E+00   0.000000E+00   0.100000E+01   0.000000E+00   0.000000E+00
 111   0.344055E+01   0.468276E-24   0.143953E-25  -0.110533E-25   0.468289E-24   0.143629E-25  -0.110848E-25   0.100000E+01   0.000000E+00   0.000000E+00   0.100000E+01   0.000000E+00   0.000000E+00
 112   0.378460E+01   0.426629E-24   0.129893E-25  -0.999422E-26   0.426643E-24   0.129930E-25  -0.999145E-26   0.100000E+01   0.000000E+00   0.000000E+00   0.100000E+01   0.000000E+00   0.000000E+00
 113   0.416306E+01   0.398575E-24   0.120549E-25  -0.920518E-26   0.398574E-24   0.120177E-25  -0.916948E-26   0.100000E+01   0.000000E+00   0.000000E+00   0.100000E+01   0.000000E+00   0.000000E+00
 114   0.457937E+01   0.380585E-24   0.114107E-25  -0.866140E-26   0.380616E-24   0.113746E-25  -0.872687E-26   0.100000E+01   0.000000E+00   0.000000E+00   0.100000E+01   0.000000E+00   0.000000E+00
 115   0.503730E+01   0.368215E-24   0.109585E-25  -0.839603E-26   0.368231E-24   0.109120E-25  -0.837995E-26   0.100000E+01   0.000000E+00   0.000000E+00   0.100000E+01   0.000000E+00   0.000000E+00
 116   0.554103E+01   0.359010E-24   0.106385E-25  -0.817040E-26   0.359035E-24   0.106333E-25  -0.817659E-26   0.100000E+01   0.000000E+00   0.000000E+00   0.100000E+01   0.000000E+00   0.000000E+00
 117   0.609514E+01   0.352003E-24   0.104308E-25  -0.801093E-26   0.352027E-24   0.104257E-25  -0.801700E-26   0.100000E+01   0.000000E+00   0.000000E+00   0.100000E+01   0.000000E+00   0.000000E+00
 118   0.670465E+01   0.346604E-24   0.102390E-25  -0.783070E-26   0.346603E-24   0.102333E-25  -0.783610E-26   0.100000E+01   0.000000E+00   0.000000E+00   0.100000E+01   0.000000E+00   0.000000E+00
 119   0.737512E+01   0.342410E-24   0.100862E-25  -0.771103E-26   0.342437E-24   0.100565E-25  -0.773630E-26   0.100000E+01   0.000000E+00   0.000000E+00   0.100000E+01   0.000000E+00   0.000000E+00
 120   0.811263E+01   0.339183E-24   0.993250E-26  -0.771916E-26   0.339153E-24   0.996009E-26  -0.766210E-26   0.100000E+01   0.000000E+00   0.000000E+00   0.100000E+01   0.000000E+00   0.000000E+00
 121   0.892389E+01   0.336571E-24   0.988400E-26  -0.760404E-26   0.336568E-24   0.988420E-26  -0.760372E-26   0.100000E+01   0.000000E+00   0.000000E+00   0.100000E+01   0.000000E+00   0.000000E+00
 122   0.981628E+01   0.334496E-24   0.982307E-26  -0.755716E-26   0.334494E-24   0.982326E-26  -0.755685E-26   0.100000E+01   0.000000E+00   0.000000E+00   0.100000E+01   0.000000E+00   0.000000E+00
 123   0.107979E+02   0.332820E-24   0.977384E-26  -0.751929E-26   0.332817E-24   0.977403E-26  -0.751897E-26   0.100000E+01   0.000000E+00   0.000000E+00   0.100000E+01   0.000000E+00   0.000000E+00
 124   0.118777E+02   0.331472E-24   0.972348E-26  -0.744833E-26   0.331517E-24   0.967620E-26  -0.749141E-26   0.100000E+01   0.000000E+00   0.000000E+00   0.100000E+01   0.000000E+00   0.000000E+00
 125   0.130655E+02   0.330513E-24   0.964850E-26  -0.746716E-26   0.330512E-24   0.964686E-26  -0.746870E-26   0.100000E+01   0.000000E+00   0.000000E+00   0.100000E+01   0.000000E+00   0.000000E+00
 126   0.143720E+02   0.329811E-24   0.962585E-26  -0.745336E-26   0.329808E-24   0.963060E-26  -0.739821E-26   0.100000E+01   0.000000E+00   0.000000E+00   0.100000E+01   0.000000E+00   0.000000E+00
 127   0.158092E+02   0.329301E-24   0.967265E-26  -0.738734E-26   0.329303E-24   0.967510E-26  -0.738510E-26   0.100000E+01   0.000000E+00   0.000000E+00   0.100000E+01   0.000000E+00   0.000000E+00
 128   0.173901E+02   0.329110E-24   0.961183E-26  -0.738103E-26   0.329080E-24   0.960930E-26  -0.738188E-26   0.100000E+01   0.000000E+00   0.000000E+00   0.100000E+01   0.000000E+00   0.000000E+00
 129   0.191292E+02   0.328983E-24   0.960811E-26  -0.737818E-26   0.329008E-24   0.960910E-26  -0.737849E-26   0.100000E+01   0.000000E+00   0.000000E+00   0.100000E+01   0.000000E+00   0.000000E+00
 130   0.210421E+02   0.329047E-24   0.960783E-26  -0.738164E-26   0.329070E-24   0.961090E-26  -0.737987E-26   0.100000E+01   0.000000E+00   0.000000E+00   0.100000E+01   0.000000E+00   0.000000E+00
 131   0.231463E+02   0.329238E-24   0.955818E-26  -0.738388E-26   0.329186E-24   0.966553E-26  -0.732976E-26   0.100000E+01   0.000000E+00   0.000000E+00   0.100000E+01   0.000000E+00   0.000000E+00
 132   0.254609E+02   0.329492E-24   0.962298E-26  -0.738959E-26   0.329461E-24   0.962045E-26  -0.739044E-26   0.100000E+01   0.000000E+00   0.000000E+00   0.100000E+01   0.000000E+00   0.000000E+00
 133   0.280070E+02   0.329874E-24   0.957666E-26  -0.739816E-26   0.329823E-24   0.962676E-26  -0.734394E-26   0.100000E+01   0.000000E+00   0.000000E+00   0.100000E+01   0.000000E+00   0.000000E+00
 134   0.308077E+02   0.330321E-24   0.964078E-26  -0.735554E-26   0.330319E-24   0.964124E-26  -0.735498E-26   0.100000E+01   0.000000E+00   0.000000E+00   0.100000E+01   0.000000E+00   0.000000E+00
 135   0.338885E+02   0.330960E-24   0.966641E-26  -0.737543E-26   0.330964E-24   0.966435E-26  -0.742414E-26   0.100000E+01   0.000000E+00   0.000000E+00   0.100000E+01   0.000000E+00   0.000000E+00
 136   0.372773E+02   0.331792E-24   0.963234E-26  -0.744118E-26   0.331740E-24   0.968273E-26  -0.738664E-26   0.100000E+01   0.000000E+00   0.000000E+00   0.100000E+01   0.000000E+00   0.000000E+00
 137   0.410050E+02   0.332756E-24   0.965382E-26  -0.746895E-26   0.332697E-24   0.971065E-26  -0.740794E-26   0.100000E+01   0.000000E+00   0.000000E+00   0.100000E+01   0.000000E+00   0.000000E+00
 138   0.451055E+02   0.333850E-24   0.968779E-26  -0.743208E-26   0.333848E-24   0.968798E-26  -0.743177E-26   0.100000E+01   0.000000E+00   0.000000E+00   0.100000E+01   0.000000E+00   0.000000E+00
 139   0.496161E+02   0.335143E-24   0.972531E-26  -0.746086E-26   0.335141E-24   0.972550E-26  -0.746055E-26   0.100000E+01   0.000000E+00   0.000000E+00   0.100000E+01   0.000000E+00   0.000000E+00
 140   0.545777E+02   0.336636E-24   0.975342E-26  -0.750855E-26   0.336619E-24   0.976839E-26  -0.749345E-26   0.100000E+01   0.000000E+00   0.000000E+00   0.100000E+01   0.000000E+00   0.000000E+00
 141   0.556693E+02   0.336961E-24   0.977807E-26  -0.750134E-26   0.336959E-24   0.977826E-26  -0.750103E-26   0.100000E+01   0.000000E+00   0.000000E+00   0.100000E+01   0.000000E+00   0.000000E+00
 142   0.567827E+02   0.337287E-24   0.978534E-26  -0.751066E-26   0.337282E-24   0.978765E-26  -0.750823E-26   0.100000E+01   0.000000E+00   0.000000E+00   0.100000E+01   0.000000E+00   0.000000E+00
 143   0.579183E+02   0.337613E-24   0.979698E-26  -0.751585E-26   0.337611E-24   0.979718E-26  -0.751554E-26   0.100000E+01   0.000000E+00   0.000000E+00   0.100000E+01   0.000000E+00   0.000000E+00
 144   0.590767E+02   0.338005E-24   0.975382E-26  -0.758051E-26   0.338007E-24   0.974067E-26  -0.759310E-26   0.100000E+01   0.000000E+00   0.000000E+00   0.100000E+01   0.000000E+00   0.000000E+00
 145   0.602582E+02   0.338332E-24   0.981565E-26  -0.753392E-26   0.338327E-24   0.981796E-26  -0.753148E-26   0.100000E+01   0.000000E+00   0.000000E+00   0.555527E-18   0.264475E-19  -0.199503E-19
 146   0.614634E+02   0.338724E-24   0.975917E-26  -0.761129E-26   0.338711E-24   0.981570E-26  -0.755277E-26   0.100000E+01   0.000000E+00   0.000000E+00   0.164179E-18   0.756255E-20  -0.573516E-20
 147   0.626926E+02   0.339052E-24   0.983872E-26  -0.754787E-26   0.339049E-24   0.983892E-26  -0.754756E-26   0.100000E+01   0.000000E+00   0.000000E+00   0.498322E-19   0.221000E-20  -0.168934E-20
 148   0.639465E+02   0.339445E-24   0.979537E-26  -0.761280E-26   0.339447E-24   0.983702E-26  -0.756918E-26   0.100000E+01   0.000000E+00   0.000000E+00   0.155280E-19   0.665841E-21  -0.511952E-21
 149   0.652254E+02   0.339773E-24   0.991673E-26  -0.752218E-26   0.339768E-24   0.987094E-26  -0.750915E-26   0.100000E+01   0.000000E+00   0.000000E+00   0.496748E-20   0.207653E-21  -0.157351E-21
 150   0.665299E+02   0.340167E-24   0.986890E-26  -0.757479E-26   0.340220E-24   0.980446E-26  -0.764282E-26   0.100000E+01   0.000000E+00   0.000000E+00   0.163270E-20   0.662374E-22  -0.498142E-22
 151   0.678605E+02   0.340562E-24   0.988909E-26  -0.753135E-26   0.340568E-24   0.988300E-26  -0.758137E-26   0.100000E+01   0.000000E+00   0.000000E+00   0.551773E-21   0.214919E-22  -0.164087E-22
 152   0.692177E+02   0.340957E-24   0.989181E-26  -0.759238E-26   0.340952E-24   0.989415E-26  -0.758992E-26   0.100000E+01   0.000000E+00   0.000000E+00   0.191808E-21   0.721455E-23  -0.550850E-23
 153   0.706021E+02   0.341353E-24   0.993102E-26  -0.758852E-26   0.341375E-24   0.990641E-26  -0.759933E-26   0.100000E+01   0.000000E+00   0.000000E+00   0.687174E-22   0.248593E-23  -0.190560E-23
 154   0.720141E+02   0.341749E-24   0.992792E-26  -0.755343E-26   0.341759E-24   0.993068E-26  -0.755132E-26   0.100000E+01   0.000000E+00   0.000000E+00   0.254262E-22   0.887605E-24  -0.679391E-24
 155   0.734544E+02   0.342211E-24   0.993040E-26  -0.761821E-26   0.342208E-24   0.993060E-26  -0.761789E-26   0.100000E+01   0.000000E+00   0.000000E+00   0.975414E-23   0.329171E-24  -0.250985E-24
 156   0.749235E+02   0.342608E-24   0.994193E-26  -0.762705E-26   0.342605E-24   0.994212E-26  -0.762673E-26   0.100000E+01   0.000000E+00   0.000000E+00   0.390521E-23   0.127034E-24  -0.966991E-25
 157   0.764220E+02   0.343006E-24   0.996663E-26  -0.757912E-26   0.343018E-24   0.995410E-26  -0.763591E-26   0.100000E+01   0.000000E+00   0.000000E+00   0.165139E-23   0.517073E-25  -0.397774E-25
 158   0.779504E+02   0.343470E-24   0.997191E-26  -0.765422E-26   0.343472E-24   0.996727E-26  -0.764602E-26   0.100000E+01   0.000000E+00   0.000000E+00   0.756630E-24   0.227473E-25  -0.175948E-25
 159   0.795094E+02   0.343868E-24   0.998950E-26  -0.760028E-26   0.343879E-24   0.997907E-26  -0.765507E-26   0.100000E+01   0.000000E+00   0.000000E+00   0.404941E-24   0.118186E-25  -0.908920E-26
 160   0.810996E+02   0.344315E-24   0.999913E-26  -0.761332E-26   0.344322E-24   0.999193E-26  -0.766493E-26   0.100000E+01   0.000000E+00   0.000000E+00   0.344334E-24   0.999200E-26  -0.766546E-26
 161   0.827216E+02   0.344739E-24   0.100154E-25  -0.761901E-26   0.344750E-24   0.100176E-25  -0.761741E-26   0.100000E+01   0.000000E+00   0.000000E+00   0.344800E-24   0.994318E-26  -0.773929E-26
 162   0.843760E+02   0.345204E-24   0.100175E-25  -0.768457E-26   0.345201E-24   0.100175E-25  -0.768452E-26   0.100000E+01   0.000000E+00   0.000000E+00   0.345200E-24   0.100149E-25  -0.768686E-26
 163   0.860636E+02   0.345663E-24   0.100308E-25  -0.769479E-26   0.345661E-24   0.100308E-25  -0.769473E-26   0.100000E+01   0.000000E+00   0.000000E+00   0.345667E-24   0.100307E-25  -0.769515E-26
 164   0.877848E+02   0.346133E-24   0.998420E-26  -0.770525E-26   0.346133E-24   0.100308E-25  -0.771827E-26   0.100000E+01   0.000000E+00   0.000000E+00   0.346135E-24   0.100286E-25  -0.772043E-26
 165   0.895405E+02   0.346586E-24   0.100576E-25  -0.771534E-26   0.346584E-24   0.100576E-25  -0.771529E-26   0.100000E+01   0.000000E+00   0.000000E+00   0.346604E-24   0.999750E-26  -0.771599E-26
 166   0.913313E+02   0.347073E-24   0.100248E-25  -0.772612E-26   0.347027E-24   0.100704E-25  -0.772516E-26   0.100000E+01   0.000000E+00   0.000000E+00   0.347073E-24   0.100088E-25  -0.772857E-26
 167   0.931580E+02   0.347541E-24   0.100383E-25  -0.773653E-26   0.347495E-24   0.100368E-25  -0.767806E-26   0.100000E+01   0.000000E+00   0.000000E+00   0.347475E-24   0.100898E-25  -0.768423E-26
 168   0.950211E+02   0.348011E-24   0.100519E-25  -0.774701E-26   0.347966E-24   0.101110E-25  -0.768846E-26   0.100000E+01   0.000000E+00   0.000000E+00   0.348013E-24   0.100314E-25  -0.775377E-26
 169   0.969215E+02   0.348478E-24   0.100654E-25  -0.775739E-26   0.348491E-24   0.100384E-25  -0.777085E-26   0.100000E+01   0.000000E+00   0.000000E+00   0.348484E-24   0.100517E-25  -0.775785E-26
 170   0.106614E+03   0.350792E-24   0.101320E-25  -0.775090E-26   0.350798E-24   0.101184E-25  -0.776414E-26   0.100000E+01   0.000000E+00   0.000000E+00   0.350781E-24   0.101314E-25  -0.775093E-26
 171   0.117275E+03   0.353231E-24   0.101890E-25  -0.786327E-26   0.353231E-24   0.101750E-25  -0.787656E-26   0.100000E+01   0.000000E+00   0.000000E+00   0.353230E-24   0.101886E-25  -0.786351E-26
 172   0.119621E+03   0.353708E-24   0.102649E-25  -0.781484E-26   0.353709E-24   0.102163E-25  -0.781536E-26   0.100000E+01   0.000000E+00   0.000000E+00   0.353708E-24   0.102618E-25  -0.783068E-26
 173   0.122013E+03   0.354245E-24   0.102320E-25  -0.788577E-26   0.354258E-24   0.102046E-25  -0.789946E-26   0.100000E+01   0.000000E+00   0.000000E+00   0.354255E-24   0.102055E-25  -0.784427E-26
 174   0.124453E+03   0.354776E-24   0.102335E-25  -0.789765E-26   0.354776E-24   0.102813E-25  -0.791099E-26   0.100000E+01   0.000000E+00   0.000000E+00   0.354735E-24   0.102456E-25  -0.783829E-26
 175   0.126942E+03   0.355282E-24   0.102617E-25  -0.785011E-26   0.355287E-24   0.102479E-25  -0.786351E-26   0.100000E+01   0.000000E+00   0.000000E+00   0.355284E-24   0.102479E-25  -0.790923E-26
 176   0.129481E+03   0.355825E-24   0.102638E-25  -0.792101E-26   0.355825E-24   0.102497E-25  -0.793439E-26   0.970679E-18   0.458673E-19  -0.348594E-19   0.355833E-24   0.102637E-25  -0.792146E-26
 177   0.132071E+03   0.356315E-24   0.103539E-25  -0.793186E-26   0.356326E-24   0.102919E-25  -0.787319E-26   0.275676E-18   0.126740E-19  -0.954515E-20   0.356315E-24   0.102890E-25  -0.787538E-26
 178   0.134712E+03   0.356862E-24   0.103073E-25  -0.788503E-26   0.356868E-24   0.102935E-25  -0.789849E-26   0.804555E-19   0.359290E-20  -0.270452E-20   0.356866E-24   0.102912E-25  -0.794665E-26
 179   0.137406E+03   0.357347E-24   0.103705E-25  -0.789524E-26   0.357408E-24   0.102953E-25  -0.796970E-26   0.241247E-19   0.103539E-20  -0.787479E-21   0.357418E-24   0.103071E-25  -0.795894E-26
 180   0.140155E+03   0.357900E-24   0.103242E-25  -0.790746E-26   0.357893E-24   0.103855E-25  -0.792119E-26   0.743362E-20   0.308261E-21  -0.235339E-21   0.357902E-24   0.103371E-25  -0.790828E-26
 181   0.142958E+03   0.358454E-24   0.103533E-25  -0.792020E-26   0.358460E-24   0.103394E-25  -0.793372E-26   0.235427E-20   0.950968E-22  -0.714825E-22   0.358456E-24   0.103394E-25  -0.797984E-26
 182   0.145817E+03   0.359002E-24   0.103554E-25  -0.799173E-26   0.359002E-24   0.103551E-25  -0.794572E-26   0.767096E-21   0.296558E-22  -0.227683E-22   0.359010E-24   0.103554E-25  -0.799219E-26
 183   0.148733E+03   0.359497E-24   0.104329E-25  -0.794273E-26   0.359558E-24   0.103572E-25  -0.801763E-26   0.257295E-21   0.966916E-23  -0.730450E-23   0.359496E-24   0.103762E-25  -0.795007E-26
 184   0.151708E+03   0.360044E-24   0.103992E-25  -0.795533E-26   0.360050E-24   0.103853E-25  -0.796891E-26   0.889931E-22   0.323505E-23  -0.245186E-23   0.360053E-24   0.103923E-25  -0.796237E-26
 185   0.154742E+03   0.360601E-24   0.104153E-25  -0.796764E-26   0.360607E-24   0.104014E-25  -0.798124E-26   0.318212E-22   0.111012E-23  -0.850967E-24   0.360610E-24   0.104084E-25  -0.797469E-26
 186   0.157837E+03   0.361159E-24   0.104314E-25  -0.797996E-26   0.361165E-24   0.104174E-25  -0.799359E-26   0.118038E-22   0.395595E-24  -0.306315E-24   0.361168E-24   0.104245E-25  -0.798703E-26
 187   0.160994E+03   0.361717E-24   0.104337E-25  -0.805218E-26   0.361717E-24   0.104334E-25  -0.800582E-26   0.457221E-23   0.148533E-24  -0.113970E-24   0.361726E-24   0.104406E-25  -0.799939E-26
 188   0.164213E+03   0.362216E-24   0.105117E-25  -0.800285E-26   0.362278E-24   0.104356E-25  -0.807827E-26   0.187204E-23   0.583013E-25  -0.450799E-25   0.362286E-24   0.104428E-25  -0.807178E-26
 189   0.167498E+03   0.362770E-24   0.105278E-25  -0.801505E-26   0.362832E-24   0.104515E-25  -0.809063E-26   0.831453E-24   0.250078E-25  -0.191973E-25   0.362776E-24   0.104779E-25  -0.801598E-26
 190   0.170848E+03   0.363336E-24   0.104943E-25  -0.802806E-26   0.363341E-24   0.104802E-25  -0.804177E-26   0.432298E-24   0.126931E-25  -0.962570E-26   0.363355E-24   0.104949E-25  -0.802850E-26
 191   0.174265E+03   0.363915E-24   0.105111E-25  -0.804087E-26   0.363921E-24   0.104970E-25  -0.805460E-26   0.363913E-24   0.104967E-25  -0.805443E-26   0.363905E-24   0.104965E-25  -0.805425E-26
 192   0.177750E+03   0.364453E-24   0.105266E-25  -0.805275E-26   0.364459E-24   0.105125E-25  -0.806650E-26   0.364451E-24   0.105122E-25  -0.806632E-26   0.364443E-24   0.105120E-25  -0.806615E-26
 193   0.181305E+03   0.364991E-24   0.105421E-25  -0.806464E-26   0.364997E-24   0.105280E-25  -0.807841E-26   0.364989E-24   0.105278E-25  -0.807823E-26   0.364981E-24   0.105275E-25  -0.807806E-26
 194   0.184931E+03   0.365592E-24   0.105434E-25  -0.814039E-26   0.365590E-24   0.105451E-25  -0.809152E-26   0.365582E-24   0.105449E-25  -0.809135E-26   0.365574E-24   0.105446E-25  -0.809118E-26
 195   0.188630E+03   0.366124E-24   0.105748E-25  -0.808967E-26   0.366130E-24   0.105607E-25  -0.810348E-26   0.366122E-24   0.105604E-25  -0.810330E-26   0.366114E-24   0.105602E-25  -0.810313E-26
 196   0.192402E+03   0.366664E-24   0.105905E-25  -0.810161E-26   0.366670E-24   0.105762E-25  -0.811544E-26   0.366662E-24   0.105760E-25  -0.811527E-26   0.366654E-24   0.105758E-25  -0.811509E-26
 197   0.196250E+03   0.367206E-24   0.106061E-25  -0.811357E-26   0.367212E-24   0.105919E-25  -0.812743E-26   0.367204E-24   0.105916E-25  -0.812725E-26   0.367196E-24   0.105914E-25  -0.812707E-26
 198   0.200175E+03   0.367810E-24   0.105434E-25  -0.818979E-26   0.367801E-24   0.106233E-25  -0.812672E-26   0.367807E-24   0.106090E-25  -0.814059E-26   0.367798E-24   0.106088E-25  -0.814042E-26
 199   0.204179E+03   0.368352E-24   0.106251E-25  -0.819986E-26   0.368352E-24   0.106248E-25  -0.815265E-26   0.368344E-24   0.106245E-25  -0.815248E-26   0.368336E-24   0.106243E-25  -0.815230E-26
 200   0.208262E+03   0.368890E-24   0.106547E-25  -0.815078E-26   0.368896E-24   0.106404E-25  -0.816470E-26   0.368887E-24   0.106402E-25  -0.816452E-26   0.368879E-24   0.106400E-25  -0.816434E-26
 201   0.229089E+03   0.371568E-24   0.107321E-25  -0.820996E-26   0.371574E-24   0.107177E-25  -0.822398E-26   0.371566E-24   0.107175E-25  -0.822380E-26   0.371558E-24   0.107172E-25  -0.822362E-26
 202   0.251997E+03   0.374203E-24   0.108061E-25  -0.827017E-26   0.374207E-24   0.107936E-25  -0.828225E-26   0.374199E-24   0.107934E-25  -0.828207E-26   0.374190E-24   0.107932E-25  -0.828189E-26
 203   0.277197E+03   0.376790E-24   0.108829E-25  -0.832534E-26   0.376796E-24   0.108683E-25  -0.833956E-26   0.376788E-24   0.108681E-25  -0.833938E-26   0.376780E-24   0.108678E-25  -0.833920E-26
 204   0.304917E+03   0.379269E-24   0.109545E-25  -0.838011E-26   0.379275E-24   0.109398E-25  -0.839442E-26   0.379267E-24   0.109396E-25  -0.839424E-26   0.379258E-24   0.109393E-25  -0.839406E-26
 205   0.335409E+03   0.381635E-24   0.110228E-25  -0.843239E-26   0.381641E-24   0.110081E-25  -0.844679E-26   0.381632E-24   0.110078E-25  -0.844660E-26   0.381624E-24   0.110076E-25  -0.844642E-26
 206   0.368949E+03   0.383885E-24   0.110879E-25  -0.848211E-26   0.383891E-24   0.110730E-25  -0.849660E-26   0.383883E-24   0.110727E-25  -0.849641E-26   0.383875E-24   0.110725E-25  -0.849623E-26
 207   0.405844E+03   0.385953E-24   0.111324E-25  -0.854222E-26   0.385944E-24   0.111322E-25  -0.854203E-26   0.385936E-24   0.111319E-25  -0.854185E-26   0.385927E-24   0.111317E-25  -0.854166E-26
 208   0.446429E+03   0.387885E-24   0.111336E-25  -0.857257E-26   0.387832E-24   0.111866E-25  -0.858380E-26   0.387823E-24   0.111864E-25  -0.858362E-26   0.387815E-24   0.111861E-25  -0.858343E-26
 209   0.491072E+03   0.389584E-24   0.111846E-25  -0.860804E-26   0.389533E-24   0.112357E-25  -0.862144E-26   0.389590E-24   0.111847E-25  -0.860817E-26   0.389539E-24   0.112359E-25  -0.862157E-26
 210   0.540179E+03   0.391117E-24   0.112639E-25  -0.867322E-26   0.391091E-24   0.112807E-25  -0.865595E-26   0.391083E-24   0.112804E-25  -0.865577E-26   0.391074E-24   0.112802E-25  -0.865558E-26
 211   0.594197E+03   0.392393E-24   0.113270E-25  -0.867638E-26   0.392393E-24   0.113182E-25  -0.868476E-26   0.392384E-24   0.113179E-25  -0.868457E-26   0.392376E-24   0.113177E-25  -0.868438E-26
 212   0.653616E+03   0.393565E-24   0.112816E-25  -0.876326E-26   0.393488E-24   0.113498E-25  -0.870901E-26   0.393547E-24   0.112983E-25  -0.869559E-26   0.393495E-24   0.113500E-25  -0.870913E-26
 213   0.718978E+03   0.394420E-24   0.113899E-25  -0.871700E-26   0.394425E-24   0.113768E-25  -0.872973E-26   0.394416E-24   0.114302E-25  -0.866413E-26   0.394460E-24   0.113778E-25  -0.873050E-26
 214   0.790876E+03   0.395254E-24   0.113407E-25  -0.873963E-26   0.395195E-24   0.113990E-25  -0.874676E-26   0.395186E-24   0.113988E-25  -0.874658E-26   0.395178E-24   0.114523E-25  -0.868087E-26
 215   0.869963E+03   0.395824E-24   0.114327E-25  -0.874592E-26   0.395831E-24   0.114174E-25  -0.876085E-26   0.395822E-24   0.114171E-25  -0.876066E-26   0.395814E-24   0.114169E-25  -0.876047E-26
 216   0.956960E+03   0.396342E-24   0.113788E-25  -0.882293E-26   0.396348E-24   0.113788E-25  -0.875749E-26   0.396296E-24   0.114308E-25  -0.877113E-26   0.396287E-24   0.114845E-25  -0.870524E-26
 217   0.105266E+04   0.396734E-24   0.114567E-25  -0.876814E-26   0.396738E-24   0.114435E-25  -0.878094E-26   0.396730E-24   0.114433E-25  -0.878075E-26   0.396721E-24   0.114970E-25  -0.871477E-26
 218   0.115792E+04   0.397168E-24   0.114001E-25  -0.877774E-26   0.397181E-24   0.114027E-25  -0.877589E-26   0.397129E-24   0.114548E-25  -0.878956E-26   0.397120E-24   0.114394E-25  -0.872353E-26
 219   0.127371E+04   0.397576E-24   0.114833E-25  -0.878461E-26   0.397582E-24   0.114679E-25  -0.879961E-26   0.397573E-24   0.114676E-25  -0.879942E-26   0.397565E-24   0.114674E-25  -0.879923E-26
 220   0.140108E+04   0.398095E-24   0.114143E-25  -0.879558E-26   0.398096E-24   0.114289E-25  -0.879610E-26   0.398043E-24   0.114660E-25  -0.874380E-26   0.398095E-24   0.114289E-25  -0.879610E-26
 221   0.154119E+04   0.398717E-24   0.114445E-25  -0.881196E-26   0.398662E-24   0.114839E-25  -0.875740E-26   0.398647E-24   0.114834E-25  -0.875707E-26   0.398700E-24   0.114463E-25  -0.880944E-26
 222   0.169531E+04   0.399457E-24   0.114613E-25  -0.883258E-26   0.399398E-24   0.115051E-25  -0.877357E-26   0.399383E-24   0.115046E-25  -0.877323E-26   0.399435E-24   0.114674E-25  -0.882570E-26
 223   0.186484E+04   0.400330E-24   0.114908E-25  -0.884761E-26   0.400343E-24   0.114934E-25  -0.884575E-26   0.400290E-24   0.115308E-25  -0.879316E-26   0.400343E-24   0.114934E-25  -0.884575E-26
 224   0.205133E+04   0.401375E-24   0.115620E-25  -0.881700E-26   0.401428E-24   0.115246E-25  -0.886973E-26   0.401375E-24   0.115620E-25  -0.881699E-26   0.401428E-24   0.115246E-25  -0.886972E-26
 225   0.225646E+04   0.402667E-24   0.115602E-25  -0.889712E-26   0.402682E-24   0.115606E-25  -0.889745E-26   0.402697E-24   0.115610E-25  -0.889778E-26   0.402644E-24   0.115986E-25  -0.884487E-26
 226   0.248211E+04   0.404131E-24   0.115999E-25  -0.893161E-26   0.404144E-24   0.115321E-25  -0.892974E-26   0.404156E-24   0.115302E-25  -0.893216E-26   0.404097E-24   0.115858E-25  -0.886182E-26
 227   0.273032E+04   0.405740E-24   0.116484E-25  -0.896501E-26   0.405755E-24   0.115781E-25  -0.896534E-26   0.405767E-24   0.115762E-25  -0.896777E-26   0.405777E-24   0.115765E-25  -0.896799E-26
 228   0.300335E+04   0.407508E-24   0.116836E-25  -0.893662E-26   0.407506E-24   0.116835E-25  -0.893656E-26   0.407503E-24   0.116835E-25  -0.893650E-26   0.407500E-24   0.116834E-25  -0.893644E-26
 229   0.330368E+04   0.409503E-24   0.116828E-25  -0.905033E-26   0.409444E-24   0.117391E-25  -0.897906E-26   0.409441E-24   0.117390E-25  -0.897900E-26   0.409438E-24   0.117389E-25  -0.897894E-26
 230   0.363405E+04   0.411520E-24   0.117986E-25  -0.902460E-26   0.411517E-24   0.117986E-25  -0.902453E-26   0.411514E-24   0.117985E-25  -0.902447E-26   0.411581E-24   0.117421E-25  -0.909627E-26
 231   0.399746E+04   0.413757E-24   0.118065E-25  -0.914215E-26   0.413770E-24   0.118045E-25  -0.914463E-26   0.413780E-24   0.118048E-25  -0.914486E-26   0.413720E-24   0.118617E-25  -0.907284E-26
 232   0.439720E+04   0.416035E-24   0.119258E-25  -0.912582E-26   0.416030E-24   0.119279E-25  -0.912350E-26   0.416027E-24   0.119279E-25  -0.912344E-26   0.416095E-24   0.118708E-25  -0.919602E-26
 233   0.483692E+04   0.418436E-24   0.119969E-25  -0.917627E-26   0.418433E-24   0.119968E-25  -0.917621E-26   0.418501E-24   0.119395E-25  -0.924921E-26   0.418441E-24   0.119971E-25  -0.917637E-26
 234   0.532062E+04   0.420925E-24   0.120612E-25  -0.923753E-26   0.420986E-24   0.120104E-25  -0.930413E-26   0.420997E-24   0.120107E-25  -0.930436E-26   0.420936E-24   0.120686E-25  -0.923109E-26
 235   0.585268E+04   0.423506E-24   0.121423E-25  -0.928746E-26   0.423575E-24   0.120842E-25  -0.936134E-26   0.423514E-24   0.121425E-25  -0.928762E-26   0.423511E-24   0.121424E-25  -0.928756E-26
 236   0.643795E+04   0.426169E-24   0.122163E-25  -0.934811E-26   0.426164E-24   0.122185E-25  -0.934574E-26   0.426161E-24   0.122184E-25  -0.934568E-26   0.426158E-24   0.122183E-25  -0.934561E-26
 237   0.708174E+04   0.428833E-24   0.122926E-25  -0.940655E-26   0.428901E-24   0.122362E-25  -0.947904E-26   0.428839E-24   0.122952E-25  -0.940439E-26   0.428908E-24   0.122364E-25  -0.947921E-26
 238   0.778991E+04   0.431614E-24   0.123748E-25  -0.946526E-26   0.431611E-24   0.123747E-25  -0.946519E-26   0.431608E-24   0.123746E-25  -0.946513E-26   0.431605E-24   0.123745E-25  -0.946506E-26
 239   0.856891E+04   0.434388E-24   0.124543E-25  -0.952609E-26   0.434385E-24   0.124542E-25  -0.952602E-26   0.434456E-24   0.123947E-25  -0.960181E-26   0.434393E-24   0.124544E-25  -0.952619E-26
 240   0.942580E+04   0.437268E-24   0.124813E-25  -0.965943E-26   0.437214E-24   0.125408E-25  -0.951566E-26   0.437219E-24   0.125354E-25  -0.958817E-26   0.437290E-24   0.124755E-25  -0.966445E-26
 241   0.103684E+05   0.440123E-24   0.125470E-25  -0.964739E-26   0.440128E-24   0.125398E-25  -0.965429E-26   0.440126E-24   0.125397E-25  -0.965424E-26   0.440123E-24   0.125396E-25  -0.965419E-26
 242   0.114052E+05   0.443036E-24   0.126251E-25  -0.971573E-26   0.443036E-24   0.126226E-25  -0.971808E-26   0.443033E-24   0.126225E-25  -0.971803E-26   0.443031E-24   0.126225E-25  -0.971797E-26
 243   0.125457E+05   0.445887E-24   0.127972E-25  -0.969756E-26   0.445976E-24   0.127233E-25  -0.985641E-26   0.445911E-24   0.127847E-25  -0.977879E-26   0.445908E-24   0.127125E-25  -0.970490E-26
 244   0.138003E+05   0.448927E-24   0.127293E-25  -0.992164E-26   0.448865E-24   0.127944E-25  -0.977160E-26   0.448846E-24   0.127938E-25  -0.977121E-26   0.448904E-24   0.127923E-25  -0.984442E-26
 245   0.151803E+05   0.451877E-24   0.128770E-25  -0.990962E-26   0.451877E-24   0.128745E-25  -0.991201E-26   0.451875E-24   0.128744E-25  -0.991196E-26   0.451872E-24   0.128744E-25  -0.991191E-26
 246   0.166984E+05   0.454863E-24   0.129621E-25  -0.997509E-26   0.454863E-24   0.129596E-25  -0.997750E-26   0.454860E-24   0.129595E-25  -0.997745E-26   0.454858E-24   0.129594E-25  -0.997739E-26
 247   0.183682E+05   0.457868E-24   0.130477E-25  -0.100410E-25   0.457868E-24   0.130452E-25  -0.100434E-25   0.457865E-24   0.130451E-25  -0.100434E-25   0.457863E-24   0.130451E-25  -0.100433E-25
 248   0.202050E+05   0.460893E-24   0.131340E-25  -0.101073E-25   0.460893E-24   0.131314E-25  -0.101098E-25   0.460890E-24   0.131313E-25  -0.101097E-25   0.460888E-24   0.131312E-25  -0.101097E-25
 249   0.222255E+05   0.463938E-24   0.132207E-25  -0.101741E-25   0.463938E-24   0.132181E-25  -0.101766E-25   0.463935E-24   0.132181E-25  -0.101765E-25   0.463933E-24   0.132180E-25  -0.101765E-25
 250   0.244481E+05   0.467003E-24   0.133081E-25  -0.102413E-25   0.467003E-24   0.133055E-25  -0.102438E-25   0.467001E-24   0.133054E-25  -0.102438E-25   0.466998E-24   0.133053E-25  -0.102437E-25
 251   0.268929E+05   0.470009E-24   0.134076E-25  -0.102222E-25   0.470080E-24   0.133139E-25  -0.103088E-25   0.470057E-24   0.133951E-25  -0.103083E-25   0.470057E-24   0.133925E-25  -0.103108E-25
 252   0.295822E+05   0.473168E-24   0.134014E-25  -0.103765E-25   0.473145E-24   0.134831E-25  -0.103760E-25   0.473145E-24   0.134805E-25  -0.103785E-25   0.473143E-24   0.134804E-25  -0.103785E-25
 253   0.325404E+05   0.476193E-24   0.135841E-25  -0.103567E-25   0.476265E-24   0.134891E-25  -0.104444E-25   0.476242E-24   0.135714E-25  -0.104440E-25   0.476242E-24   0.135747E-25  -0.103676E-25
 254   0.357944E+05   0.479382E-24   0.135774E-25  -0.105128E-25   0.479359E-24   0.136602E-25  -0.105123E-25   0.479359E-24   0.136636E-25  -0.104355E-25   0.479340E-24   0.136630E-25  -0.104350E-25
 255   0.393739E+05   0.482500E-24   0.136657E-25  -0.105812E-25   0.482477E-24   0.137551E-25  -0.105008E-25   0.482460E-24   0.137519E-25  -0.105030E-25   0.482440E-24   0.137514E-25  -0.105025E-25
 256   0.433113E+05   0.485620E-24   0.138386E-25  -0.106496E-25   0.485620E-24   0.138420E-25  -0.105718E-25   0.485600E-24   0.138415E-25  -0.105713E-25   0.485580E-24   0.138409E-25  -0.105709E-25
 257   0.476424E+05   0.488782E-24   0.138436E-25  -0.107189E-25   0.488759E-24   0.139342E-25  -0.106375E-25   0.488741E-24   0.139310E-25  -0.106397E-25   0.488721E-24   0.139304E-25  -0.106393E-25
 258   0.524066E+05   0.491943E-24   0.139331E-25  -0.107883E-25   0.491920E-24   0.140243E-25  -0.107063E-25   0.491902E-24   0.140211E-25  -0.107085E-25   0.491882E-24   0.140205E-25  -0.107081E-25
 259   0.576473E+05   0.495041E-24   0.141211E-25  -0.107671E-25   0.495115E-24   0.140230E-25  -0.108578E-25   0.495091E-24   0.141147E-25  -0.107753E-25   0.495073E-24   0.141115E-25  -0.107776E-25
 260   0.634120E+05   0.498253E-24   0.142128E-25  -0.108370E-25   0.498243E-24   0.142018E-25  -0.108466E-25   0.498222E-24   0.142012E-25  -0.108461E-25   0.498286E-24   0.141128E-25  -0.109274E-25
 261   0.697533E+05   0.501398E-24   0.143025E-25  -0.109054E-25   0.501473E-24   0.142031E-25  -0.109973E-25   0.501449E-24   0.142960E-25  -0.109137E-25   0.501431E-24   0.142927E-25  -0.109160E-25
 262   0.767286E+05   0.504652E-24   0.143074E-25  -0.109762E-25   0.504666E-24   0.142998E-25  -0.109837E-25   0.504672E-24   0.143000E-25  -0.109838E-25   0.504678E-24   0.142938E-25  -0.110675E-25
 263   0.844014E+05   0.507830E-24   0.144859E-25  -0.110453E-25   0.507819E-24   0.144748E-25  -0.110550E-25   0.507885E-24   0.143910E-25  -0.110538E-25   0.507891E-24   0.143848E-25  -0.111380E-25
 264   0.928416E+05   0.511063E-24   0.145782E-25  -0.111156E-25   0.511052E-24   0.145669E-25  -0.111254E-25   0.511118E-24   0.144762E-25  -0.112088E-25   0.511093E-24   0.144819E-25  -0.111236E-25
 265   0.102126E+06   0.514311E-24   0.145819E-25  -0.111857E-25   0.514325E-24   0.145735E-25  -0.111940E-25   0.514332E-24   0.145737E-25  -0.111941E-25   0.514338E-24   0.145739E-25  -0.111942E-25
 266   0.112338E+06   0.517576E-24   0.146744E-25  -0.112567E-25   0.517590E-24   0.146660E-25  -0.112650E-25   0.517597E-24   0.146662E-25  -0.112651E-25   0.517603E-24   0.146599E-25  -0.113510E-25
 267   0.123572E+06   0.520836E-24   0.147662E-25  -0.113282E-25   0.520850E-24   0.147584E-25  -0.113360E-25   0.520768E-24   0.148439E-25  -0.113369E-25   0.520835E-24   0.147580E-25  -0.113356E-25
 268   0.135929E+06   0.524114E-24   0.148598E-25  -0.113989E-25   0.524040E-24   0.149371E-25  -0.114081E-25   0.524107E-24   0.148507E-25  -0.114069E-25   0.524114E-24   0.148509E-25  -0.114070E-25
 269   0.149522E+06   0.527413E-24   0.149437E-25  -0.115607E-25   0.527304E-24   0.150302E-25  -0.114792E-25   0.527372E-24   0.149432E-25  -0.114779E-25   0.527378E-24   0.149434E-25  -0.114780E-25
 270   0.164475E+06   0.530608E-24   0.151273E-25  -0.115483E-25   0.530589E-24   0.151238E-25  -0.115507E-25   0.530657E-24   0.150363E-25  -0.115494E-25   0.530664E-24   0.150365E-25  -0.115495E-25
 271   0.180922E+06   0.533914E-24   0.151286E-25  -0.116203E-25   0.533920E-24   0.151287E-25  -0.116204E-25   0.533927E-24   0.151289E-25  -0.116206E-25   0.533933E-24   0.151291E-25  -0.116207E-25
 272   0.199014E+06   0.537203E-24   0.153153E-25  -0.116919E-25   0.537275E-24   0.152238E-25  -0.116934E-25   0.537191E-24   0.153120E-25  -0.116944E-25   0.537260E-24   0.152234E-25  -0.116931E-25
 273   0.218916E+06   0.540550E-24   0.153166E-25  -0.117647E-25   0.540557E-24   0.153168E-25  -0.117649E-25   0.540563E-24   0.153170E-25  -0.117650E-25   0.540570E-24   0.153172E-25  -0.117651E-25
 274   0.240807E+06   0.543881E-24   0.154110E-25  -0.118372E-25   0.543887E-24   0.154112E-25  -0.118373E-25   0.543894E-24   0.154113E-25  -0.118375E-25   0.543900E-24   0.154115E-25  -0.118376E-25
 275   0.264888E+06   0.547232E-24   0.155059E-25  -0.119101E-25   0.547238E-24   0.155061E-25  -0.119103E-25   0.547245E-24   0.155063E-25  -0.119104E-25   0.547159E-24   0.155961E-25  -0.119114E-25
 276   0.300000E+06   0.551608E-24   0.156269E-25  -0.120083E-25   0.551611E-24   0.156300E-25  -0.120055E-25   0.551525E-24   0.157136E-25  -0.119151E-25   0.551615E-24   0.155341E-25  -0.120055E-25
