 DM Mass [GeV]   | b=<sv>/<(vrel,cm)^2> @ oh2_Planck [cm^3/s^1] | b @ oh2_Planck-3s  | b @ oh2_Planck+3s  | xi (Tcd)  | DNeff (5 MeV)
 ----------------+------------------------------+-----------------------+-----------------------+-----------+------------------
   1   0.100000E-02   0.655693E-24   0.636953E-24   0.675520E-24   0.100000E+01   0.000000E+00
   2   0.115000E-02   0.659421E-24   0.640608E-24   0.679362E-24   0.100000E+01   0.000000E+00
   3   0.132250E-02   0.657780E-24   0.638910E-24   0.677685E-24   0.100000E+01   0.000000E+00
   4   0.152087E-02   0.649488E-24   0.630749E-24   0.669246E-24   0.100000E+01   0.000000E+00
   5   0.174901E-02   0.633871E-24   0.615660E-24   0.653265E-24   0.100000E+01   0.000000E+00
   6   0.201136E-02   0.611784E-24   0.593971E-24   0.630502E-24   0.100000E+01   0.000000E+00
   7   0.231306E-02   0.585334E-24   0.568345E-24   0.603340E-24   0.100000E+01   0.000000E+00
   8   0.266002E-02   0.558329E-24   0.542129E-24   0.575607E-24   0.100000E+01   0.000000E+00
   9   0.305902E-02   0.534374E-24   0.518932E-24   0.550723E-24   0.100000E+01   0.000000E+00
  10   0.351788E-02   0.515985E-24   0.501076E-24   0.531682E-24   0.100000E+01   0.000000E+00
  11   0.404556E-02   0.503816E-24   0.489360E-24   0.519139E-24   0.100000E+01   0.000000E+00
  12   0.465239E-02   0.496977E-24   0.482778E-24   0.512005E-24   0.100000E+01   0.000000E+00
  13   0.535025E-02   0.494318E-24   0.480212E-24   0.509183E-24   0.100000E+01   0.000000E+00
  14   0.615279E-02   0.494711E-24   0.480703E-24   0.509524E-24   0.100000E+01   0.000000E+00
  15   0.707571E-02   0.497455E-24   0.483368E-24   0.512349E-24   0.100000E+01   0.000000E+00
  16   0.813706E-02   0.501772E-24   0.487615E-24   0.516770E-24   0.100000E+01   0.000000E+00
  17   0.935762E-02   0.507403E-24   0.493098E-24   0.522485E-24   0.100000E+01   0.000000E+00
  18   0.107613E-01   0.513995E-24   0.499563E-24   0.529269E-24   0.100000E+01   0.000000E+00
  19   0.123755E-01   0.521270E-24   0.506567E-24   0.536764E-24   0.100000E+01   0.000000E+00
  20   0.142318E-01   0.529089E-24   0.514172E-24   0.544816E-24   0.100000E+01   0.000000E+00
  21   0.163665E-01   0.537310E-24   0.522150E-24   0.553183E-24   0.100000E+01   0.000000E+00
  22   0.188215E-01   0.545818E-24   0.530527E-24   0.561955E-24   0.100000E+01   0.000000E+00
  23   0.216447E-01   0.554563E-24   0.539019E-24   0.570958E-24   0.100000E+01   0.000000E+00
  24   0.248915E-01   0.563448E-24   0.547655E-24   0.580106E-24   0.100000E+01   0.000000E+00
  25   0.286252E-01   0.572370E-24   0.556335E-24   0.589292E-24   0.100000E+01   0.000000E+00
  26   0.329190E-01   0.581434E-24   0.565145E-24   0.598623E-24   0.100000E+01   0.000000E+00
  27   0.378568E-01   0.590554E-24   0.574094E-24   0.608000E-24   0.100000E+01   0.000000E+00
  28   0.435353E-01   0.599922E-24   0.583197E-24   0.617545E-24   0.100000E+01   0.000000E+00
  29   0.500656E-01   0.609334E-24   0.592355E-24   0.627233E-24   0.100000E+01   0.000000E+00
  30   0.575755E-01   0.618709E-24   0.601545E-24   0.636991E-24   0.100000E+01   0.000000E+00
  31   0.662118E-01   0.628227E-24   0.610795E-24   0.646676E-24   0.100000E+01   0.000000E+00
  32   0.761435E-01   0.637663E-24   0.619987E-24   0.656390E-24   0.100000E+01   0.000000E+00
  33   0.875651E-01   0.647228E-24   0.629193E-24   0.666240E-24   0.100000E+01   0.000000E+00
  34   0.100700E+00   0.656786E-24   0.638523E-24   0.676031E-24   0.100000E+01   0.000000E+00
  35   0.115805E+00   0.666483E-24   0.647950E-24   0.686012E-24   0.100000E+01   0.000000E+00
  36   0.133176E+00   0.676323E-24   0.657516E-24   0.696141E-24   0.100000E+01   0.000000E+00
  37   0.153152E+00   0.686264E-24   0.667224E-24   0.706298E-24   0.100000E+01   0.000000E+00
  38   0.176125E+00   0.696025E-24   0.676802E-24   0.716420E-24   0.100000E+01   0.000000E+00
  39   0.202543E+00   0.705557E-24   0.686080E-24   0.726231E-24   0.100000E+01   0.000000E+00
  40   0.232925E+00   0.714880E-24   0.695123E-24   0.735750E-24   0.100000E+01   0.000000E+00
  41   0.267864E+00   0.723457E-24   0.703354E-24   0.744583E-24   0.100000E+01   0.000000E+00
  42   0.308043E+00   0.730545E-24   0.710349E-24   0.751951E-24   0.100000E+01   0.000000E+00
  43   0.354250E+00   0.735302E-24   0.715004E-24   0.756848E-24   0.100000E+01   0.000000E+00
  44   0.407387E+00   0.736698E-24   0.716135E-24   0.758205E-24   0.100000E+01   0.000000E+00
  45   0.468495E+00   0.734104E-24   0.713619E-24   0.755669E-24   0.100000E+01   0.000000E+00
  46   0.538769E+00   0.728667E-24   0.708468E-24   0.750067E-24   0.100000E+01   0.000000E+00
  47   0.619585E+00   0.721803E-24   0.701794E-24   0.743001E-24   0.100000E+01   0.000000E+00
  48   0.712522E+00   0.714519E-24   0.694712E-24   0.735503E-24   0.100000E+01   0.000000E+00
  49   0.819401E+00   0.707597E-24   0.687935E-24   0.728260E-24   0.100000E+01   0.000000E+00
  50   0.942311E+00   0.701182E-24   0.681726E-24   0.721774E-24   0.100000E+01   0.000000E+00
  51   0.108366E+01   0.695817E-24   0.676466E-24   0.716084E-24   0.100000E+01   0.000000E+00
  52   0.124621E+01   0.691166E-24   0.672087E-24   0.711419E-24   0.100000E+01   0.000000E+00
  53   0.143314E+01   0.687188E-24   0.668154E-24   0.707324E-24   0.100000E+01   0.000000E+00
  54   0.164811E+01   0.682733E-24   0.663859E-24   0.702739E-24   0.100000E+01   0.000000E+00
  55   0.189532E+01   0.675871E-24   0.657214E-24   0.695676E-24   0.100000E+01   0.000000E+00
  56   0.217962E+01   0.664970E-24   0.646436E-24   0.684383E-24   0.100000E+01   0.000000E+00
  57   0.250657E+01   0.646532E-24   0.628517E-24   0.665524E-24   0.100000E+01   0.000000E+00
  58   0.288255E+01   0.606234E-24   0.589059E-24   0.624386E-24   0.100000E+01   0.000000E+00
  59   0.331493E+01   0.537760E-24   0.522317E-24   0.554128E-24   0.100000E+01   0.000000E+00
  60   0.381217E+01   0.465293E-24   0.451952E-24   0.479374E-24   0.100000E+01   0.000000E+00
  61   0.438400E+01   0.420301E-24   0.408448E-24   0.432864E-24   0.100000E+01   0.000000E+00
  62   0.504160E+01   0.396308E-24   0.385205E-24   0.408025E-24   0.100000E+01   0.000000E+00
  63   0.579784E+01   0.381354E-24   0.370722E-24   0.392556E-24   0.100000E+01   0.000000E+00
  64   0.666751E+01   0.371227E-24   0.360941E-24   0.382129E-24   0.100000E+01   0.000000E+00
  65   0.766764E+01   0.364322E-24   0.354163E-24   0.374958E-24   0.100000E+01   0.000000E+00
  66   0.881779E+01   0.359386E-24   0.349460E-24   0.369916E-24   0.100000E+01   0.000000E+00
  67   0.101405E+02   0.355842E-24   0.346011E-24   0.366231E-24   0.100000E+01   0.000000E+00
  68   0.116615E+02   0.353272E-24   0.343529E-24   0.363524E-24   0.100000E+01   0.000000E+00
  69   0.134108E+02   0.351435E-24   0.341744E-24   0.361636E-24   0.100000E+01   0.000000E+00
  70   0.154224E+02   0.350245E-24   0.340601E-24   0.360411E-24   0.100000E+01   0.000000E+00
  71   0.177357E+02   0.349591E-24   0.340022E-24   0.359799E-24   0.100000E+01   0.000000E+00
  72   0.203961E+02   0.349386E-24   0.339787E-24   0.359524E-24   0.100000E+01   0.000000E+00
  73   0.234555E+02   0.349457E-24   0.339820E-24   0.359600E-24   0.100000E+01   0.000000E+00
  74   0.269738E+02   0.349723E-24   0.340120E-24   0.359872E-24   0.100000E+01   0.000000E+00
  75   0.310199E+02   0.350256E-24   0.340667E-24   0.360421E-24   0.100000E+01   0.000000E+00
  76   0.356729E+02   0.351152E-24   0.341475E-24   0.361281E-24   0.100000E+01   0.000000E+00
  77   0.410238E+02   0.352341E-24   0.342682E-24   0.362504E-24   0.100000E+01   0.000000E+00
  78   0.471774E+02   0.353933E-24   0.344250E-24   0.364150E-24   0.100000E+01   0.000000E+00
  79   0.542540E+02   0.355960E-24   0.346217E-24   0.366235E-24   0.100000E+01   0.000000E+00
  80   0.623921E+02   0.358297E-24   0.348495E-24   0.368640E-24   0.100000E+01   0.000000E+00
  81   0.717509E+02   0.360963E-24   0.351140E-24   0.371375E-24   0.100000E+01   0.000000E+00
  82   0.825135E+02   0.363963E-24   0.354053E-24   0.374461E-24   0.100000E+01   0.000000E+00
  83   0.948905E+02   0.367233E-24   0.357237E-24   0.377765E-24   0.100000E+01   0.000000E+00
  84   0.109124E+03   0.370681E-24   0.360581E-24   0.381311E-24   0.100000E+01   0.000000E+00
  85   0.125493E+03   0.374343E-24   0.364089E-24   0.385076E-24   0.100000E+01   0.000000E+00
  86   0.144317E+03   0.378069E-24   0.367811E-24   0.388978E-24   0.100000E+01   0.000000E+00
  87   0.165964E+03   0.381985E-24   0.371587E-24   0.392939E-24   0.100000E+01   0.000000E+00
  88   0.190859E+03   0.386017E-24   0.375446E-24   0.397020E-24   0.100000E+01   0.000000E+00
  89   0.219488E+03   0.389958E-24   0.379408E-24   0.401210E-24   0.100000E+01   0.000000E+00
  90   0.252411E+03   0.393930E-24   0.383272E-24   0.405296E-24   0.100000E+01   0.000000E+00
  91   0.290272E+03   0.397842E-24   0.387044E-24   0.409249E-24   0.100000E+01   0.000000E+00
  92   0.333813E+03   0.401425E-24   0.390570E-24   0.413007E-24   0.100000E+01   0.000000E+00
  93   0.383885E+03   0.404821E-24   0.393807E-24   0.416430E-24   0.100000E+01   0.000000E+00
  94   0.441468E+03   0.407847E-24   0.396748E-24   0.419469E-24   0.100000E+01   0.000000E+00
  95   0.507688E+03   0.410340E-24   0.399239E-24   0.422180E-24   0.100000E+01   0.000000E+00
  96   0.583841E+03   0.412553E-24   0.401326E-24   0.424310E-24   0.100000E+01   0.000000E+00
  97   0.671418E+03   0.414230E-24   0.402958E-24   0.426035E-24   0.100000E+01   0.000000E+00
  98   0.772130E+03   0.415492E-24   0.404185E-24   0.427332E-24   0.100000E+01   0.000000E+00
  99   0.887950E+03   0.416340E-24   0.405073E-24   0.428277E-24   0.100000E+01   0.000000E+00
 100   0.102114E+04   0.416977E-24   0.405627E-24   0.428935E-24   0.100000E+01   0.000000E+00
 101   0.117431E+04   0.417472E-24   0.406180E-24   0.429441E-24   0.100000E+01   0.000000E+00
 102   0.135046E+04   0.418023E-24   0.406730E-24   0.429956E-24   0.100000E+01   0.000000E+00
 103   0.155303E+04   0.418768E-24   0.407402E-24   0.430775E-24   0.100000E+01   0.000000E+00
 104   0.178598E+04   0.419813E-24   0.408477E-24   0.431797E-24   0.100000E+01   0.000000E+00
 105   0.205388E+04   0.421219E-24   0.409840E-24   0.433244E-24   0.100000E+01   0.000000E+00
 106   0.236196E+04   0.423095E-24   0.411631E-24   0.435172E-24   0.100000E+01   0.000000E+00
 107   0.271626E+04   0.425243E-24   0.413744E-24   0.437382E-24   0.100000E+01   0.000000E+00
 108   0.312370E+04   0.427892E-24   0.416338E-24   0.440107E-24   0.100000E+01   0.000000E+00
 109   0.359225E+04   0.430849E-24   0.419215E-24   0.443148E-24   0.100000E+01   0.000000E+00
 110   0.413109E+04   0.434053E-24   0.422327E-24   0.446443E-24   0.100000E+01   0.000000E+00
 111   0.475075E+04   0.437523E-24   0.425755E-24   0.449991E-24   0.100000E+01   0.000000E+00
 112   0.546337E+04   0.441255E-24   0.429305E-24   0.453829E-24   0.100000E+01   0.000000E+00
 113   0.628287E+04   0.445084E-24   0.433113E-24   0.457768E-24   0.100000E+01   0.000000E+00
 114   0.722530E+04   0.449108E-24   0.437020E-24   0.461832E-24   0.100000E+01   0.000000E+00
 115   0.830910E+04   0.453229E-24   0.441048E-24   0.466069E-24   0.100000E+01   0.000000E+00
 116   0.955546E+04   0.457471E-24   0.445170E-24   0.470431E-24   0.100000E+01   0.000000E+00
 117   0.109888E+05   0.461753E-24   0.449336E-24   0.474835E-24   0.100000E+01   0.000000E+00
 118   0.126371E+05   0.466075E-24   0.453542E-24   0.479279E-24   0.100000E+01   0.000000E+00
 119   0.145327E+05   0.470441E-24   0.457787E-24   0.483847E-24   0.100000E+01   0.000000E+00
 120   0.167126E+05   0.474996E-24   0.462151E-24   0.488370E-24   0.100000E+01   0.000000E+00
 121   0.192194E+05   0.479436E-24   0.466544E-24   0.493018E-24   0.100000E+01   0.000000E+00
 122   0.221024E+05   0.483999E-24   0.470990E-24   0.497710E-24   0.100000E+01   0.000000E+00
 123   0.254177E+05   0.488529E-24   0.475392E-24   0.502369E-24   0.100000E+01   0.000000E+00
 124   0.292304E+05   0.493178E-24   0.479923E-24   0.507150E-24   0.100000E+01   0.000000E+00
 125   0.336149E+05   0.497794E-24   0.484409E-24   0.511897E-24   0.100000E+01   0.000000E+00
 126   0.386572E+05   0.502454E-24   0.488943E-24   0.516688E-24   0.100000E+01   0.000000E+00
 127   0.444557E+05   0.507071E-24   0.493519E-24   0.521524E-24   0.100000E+01   0.000000E+00
 128   0.511241E+05   0.511815E-24   0.498052E-24   0.526314E-24   0.100000E+01   0.000000E+00
 129   0.587927E+05   0.516609E-24   0.502713E-24   0.531150E-24   0.100000E+01   0.000000E+00
 130   0.676116E+05   0.521342E-24   0.507330E-24   0.536111E-24   0.100000E+01   0.000000E+00
 131   0.777534E+05   0.526129E-24   0.511985E-24   0.540939E-24   0.100000E+01   0.000000E+00
 132   0.894164E+05   0.530863E-24   0.516679E-24   0.545899E-24   0.100000E+01   0.000000E+00
 133   0.102829E+06   0.535738E-24   0.521335E-24   0.550818E-24   0.100000E+01   0.000000E+00
 134   0.118253E+06   0.540580E-24   0.526026E-24   0.555797E-24   0.100000E+01   0.000000E+00
 135   0.135991E+06   0.545466E-24   0.530780E-24   0.560820E-24   0.100000E+01   0.000000E+00
 136   0.156390E+06   0.550292E-24   0.535578E-24   0.565794E-24   0.100000E+01   0.000000E+00
 137   0.179848E+06   0.555172E-24   0.540316E-24   0.570896E-24   0.100000E+01   0.000000E+00
 138   0.206826E+06   0.560103E-24   0.545115E-24   0.575966E-24   0.100000E+01   0.000000E+00
 139   0.237849E+06   0.565066E-24   0.549957E-24   0.580983E-24   0.100000E+01   0.000000E+00
 140   0.300000E+06   0.573342E-24   0.558027E-24   0.589493E-24   0.100000E+01   0.000000E+00
