 DM Mass [GeV]   | <sv> @ oh2_Planck [cm^3/s^1] | <sv> @ oh2_Planck-3s  | <sv> @ oh2_Planck+3s  | xi (Tcd)  | DNeff (5 MeV)
 ----------------+------------------------------+-----------------------+-----------------------+-----------+------------------
   1   0.100000E-02   0.511854E-25   0.497919E-25   0.526533E-25   0.100000E+01   0.000000E+00
   2   0.115000E-02   0.511930E-25   0.497924E-25   0.526707E-25   0.100000E+01   0.000000E+00
   3   0.132250E-02   0.508866E-25   0.494944E-25   0.523555E-25   0.100000E+01   0.000000E+00
   4   0.152087E-02   0.502088E-25   0.488243E-25   0.516662E-25   0.100000E+01   0.000000E+00
   5   0.174901E-02   0.491334E-25   0.477714E-25   0.505592E-25   0.100000E+01   0.000000E+00
   6   0.201136E-02   0.477044E-25   0.463856E-25   0.491022E-25   0.100000E+01   0.000000E+00
   7   0.231306E-02   0.460738E-25   0.447925E-25   0.474158E-25   0.100000E+01   0.000000E+00
   8   0.266002E-02   0.444128E-25   0.431889E-25   0.457093E-25   0.100000E+01   0.000000E+00
   9   0.305902E-02   0.429133E-25   0.417301E-25   0.441664E-25   0.100000E+01   0.000000E+00
  10   0.351788E-02   0.416958E-25   0.405539E-25   0.429133E-25   0.100000E+01   0.000000E+00
  11   0.404556E-02   0.407701E-25   0.396577E-25   0.419541E-25   0.100000E+01   0.000000E+00
  12   0.465239E-02   0.400932E-25   0.390016E-25   0.412497E-25   0.100000E+01   0.000000E+00
  13   0.535025E-02   0.396218E-25   0.385466E-25   0.407649E-25   0.100000E+01   0.000000E+00
  14   0.615279E-02   0.393118E-25   0.382423E-25   0.404392E-25   0.100000E+01   0.000000E+00
  15   0.707571E-02   0.391257E-25   0.380612E-25   0.402477E-25   0.100000E+01   0.000000E+00
  16   0.813706E-02   0.390325E-25   0.379773E-25   0.401535E-25   0.100000E+01   0.000000E+00
  17   0.935762E-02   0.390240E-25   0.379703E-25   0.401380E-25   0.100000E+01   0.000000E+00
  18   0.107613E-01   0.390814E-25   0.380261E-25   0.401970E-25   0.100000E+01   0.000000E+00
  19   0.123755E-01   0.391810E-25   0.381272E-25   0.402976E-25   0.100000E+01   0.000000E+00
  20   0.142318E-01   0.393270E-25   0.382697E-25   0.404477E-25   0.100000E+01   0.000000E+00
  21   0.163665E-01   0.395141E-25   0.384448E-25   0.406333E-25   0.100000E+01   0.000000E+00
  22   0.188215E-01   0.397223E-25   0.386541E-25   0.408476E-25   0.100000E+01   0.000000E+00
  23   0.216447E-01   0.399586E-25   0.388841E-25   0.410906E-25   0.100000E+01   0.000000E+00
  24   0.248915E-01   0.402025E-25   0.391220E-25   0.413415E-25   0.100000E+01   0.000000E+00
  25   0.286252E-01   0.404691E-25   0.393808E-25   0.416156E-25   0.100000E+01   0.000000E+00
  26   0.329190E-01   0.407470E-25   0.396554E-25   0.418948E-25   0.100000E+01   0.000000E+00
  27   0.378568E-01   0.410368E-25   0.399406E-25   0.421928E-25   0.100000E+01   0.000000E+00
  28   0.435353E-01   0.413430E-25   0.402315E-25   0.425067E-25   0.100000E+01   0.000000E+00
  29   0.500656E-01   0.416523E-25   0.405386E-25   0.428256E-25   0.100000E+01   0.000000E+00
  30   0.575755E-01   0.419639E-25   0.408418E-25   0.431460E-25   0.100000E+01   0.000000E+00
  31   0.662118E-01   0.422841E-25   0.411543E-25   0.434817E-25   0.100000E+01   0.000000E+00
  32   0.761435E-01   0.426144E-25   0.414760E-25   0.438148E-25   0.100000E+01   0.000000E+00
  33   0.875651E-01   0.429387E-25   0.417923E-25   0.441483E-25   0.100000E+01   0.000000E+00
  34   0.100700E+00   0.432734E-25   0.421175E-25   0.444924E-25   0.100000E+01   0.000000E+00
  35   0.115805E+00   0.436108E-25   0.424458E-25   0.448393E-25   0.100000E+01   0.000000E+00
  36   0.133176E+00   0.439576E-25   0.427840E-25   0.451959E-25   0.100000E+01   0.000000E+00
  37   0.153152E+00   0.443003E-25   0.431169E-25   0.455482E-25   0.100000E+01   0.000000E+00
  38   0.176125E+00   0.446390E-25   0.434530E-25   0.458955E-25   0.100000E+01   0.000000E+00
  39   0.202543E+00   0.449662E-25   0.437704E-25   0.462319E-25   0.100000E+01   0.000000E+00
  40   0.232925E+00   0.452790E-25   0.440763E-25   0.465460E-25   0.100000E+01   0.000000E+00
  41   0.267864E+00   0.455495E-25   0.443385E-25   0.468241E-25   0.100000E+01   0.000000E+00
  42   0.308043E+00   0.457504E-25   0.445356E-25   0.470382E-25   0.100000E+01   0.000000E+00
  43   0.354250E+00   0.458435E-25   0.446177E-25   0.471349E-25   0.100000E+01   0.000000E+00
  44   0.407387E+00   0.457839E-25   0.445573E-25   0.470736E-25   0.100000E+01   0.000000E+00
  45   0.468495E+00   0.455732E-25   0.443564E-25   0.468569E-25   0.100000E+01   0.000000E+00
  46   0.538769E+00   0.452406E-25   0.440327E-25   0.465150E-25   0.100000E+01   0.000000E+00
  47   0.619585E+00   0.448496E-25   0.436522E-25   0.461130E-25   0.100000E+01   0.000000E+00
  48   0.712522E+00   0.444320E-25   0.432456E-25   0.456836E-25   0.100000E+01   0.000000E+00
  49   0.819401E+00   0.440033E-25   0.428284E-25   0.452428E-25   0.100000E+01   0.000000E+00
  50   0.942311E+00   0.435787E-25   0.424152E-25   0.448063E-25   0.100000E+01   0.000000E+00
  51   0.108366E+01   0.431728E-25   0.420201E-25   0.443890E-25   0.100000E+01   0.000000E+00
  52   0.124621E+01   0.427853E-25   0.416429E-25   0.439905E-25   0.100000E+01   0.000000E+00
  53   0.143314E+01   0.424012E-25   0.412691E-25   0.435956E-25   0.100000E+01   0.000000E+00
  54   0.164811E+01   0.419661E-25   0.408501E-25   0.431474E-25   0.100000E+01   0.000000E+00
  55   0.189532E+01   0.414066E-25   0.403011E-25   0.425730E-25   0.100000E+01   0.000000E+00
  56   0.217962E+01   0.406613E-25   0.395756E-25   0.418067E-25   0.100000E+01   0.000000E+00
  57   0.250657E+01   0.394381E-25   0.383726E-25   0.405639E-25   0.100000E+01   0.000000E+00
  58   0.288255E+01   0.371184E-25   0.361083E-25   0.381891E-25   0.100000E+01   0.000000E+00
  59   0.331493E+01   0.336856E-25   0.327581E-25   0.346634E-25   0.100000E+01   0.000000E+00
  60   0.381217E+01   0.304267E-25   0.295943E-25   0.313050E-25   0.100000E+01   0.000000E+00
  61   0.438400E+01   0.282572E-25   0.274882E-25   0.290624E-25   0.100000E+01   0.000000E+00
  62   0.504160E+01   0.267778E-25   0.260516E-25   0.275411E-25   0.100000E+01   0.000000E+00
  63   0.579784E+01   0.256505E-25   0.249609E-25   0.263814E-25   0.100000E+01   0.000000E+00
  64   0.666751E+01   0.247630E-25   0.241011E-25   0.254649E-25   0.100000E+01   0.000000E+00
  65   0.766764E+01   0.240446E-25   0.234019E-25   0.247256E-25   0.100000E+01   0.000000E+00
  66   0.881779E+01   0.234502E-25   0.228232E-25   0.241108E-25   0.100000E+01   0.000000E+00
  67   0.101405E+02   0.229424E-25   0.223299E-25   0.235887E-25   0.100000E+01   0.000000E+00
  68   0.116615E+02   0.225115E-25   0.219094E-25   0.231452E-25   0.100000E+01   0.000000E+00
  69   0.134108E+02   0.221416E-25   0.215562E-25   0.227673E-25   0.100000E+01   0.000000E+00
  70   0.154224E+02   0.218284E-25   0.212487E-25   0.224428E-25   0.100000E+01   0.000000E+00
  71   0.177357E+02   0.215579E-25   0.209872E-25   0.221649E-25   0.100000E+01   0.000000E+00
  72   0.203961E+02   0.213249E-25   0.207587E-25   0.219216E-25   0.100000E+01   0.000000E+00
  73   0.234555E+02   0.211184E-25   0.205593E-25   0.217130E-25   0.100000E+01   0.000000E+00
  74   0.269738E+02   0.209397E-25   0.203838E-25   0.215256E-25   0.100000E+01   0.000000E+00
  75   0.310199E+02   0.207880E-25   0.202358E-25   0.213697E-25   0.100000E+01   0.000000E+00
  76   0.356729E+02   0.206589E-25   0.201096E-25   0.212370E-25   0.100000E+01   0.000000E+00
  77   0.410238E+02   0.205585E-25   0.200118E-25   0.211301E-25   0.100000E+01   0.000000E+00
  78   0.471774E+02   0.204785E-25   0.199381E-25   0.210514E-25   0.100000E+01   0.000000E+00
  79   0.542540E+02   0.204269E-25   0.198842E-25   0.209947E-25   0.100000E+01   0.000000E+00
  80   0.623921E+02   0.203924E-25   0.198540E-25   0.209610E-25   0.100000E+01   0.000000E+00
  81   0.717509E+02   0.203826E-25   0.198434E-25   0.209494E-25   0.100000E+01   0.000000E+00
  82   0.825135E+02   0.203844E-25   0.198480E-25   0.209527E-25   0.100000E+01   0.000000E+00
  83   0.948905E+02   0.204067E-25   0.198694E-25   0.209756E-25   0.100000E+01   0.000000E+00
  84   0.109124E+03   0.204392E-25   0.199014E-25   0.210091E-25   0.100000E+01   0.000000E+00
  85   0.125493E+03   0.204858E-25   0.199467E-25   0.210569E-25   0.100000E+01   0.000000E+00
  86   0.144317E+03   0.205419E-25   0.200024E-25   0.211129E-25   0.100000E+01   0.000000E+00
  87   0.165964E+03   0.206063E-25   0.200641E-25   0.211808E-25   0.100000E+01   0.000000E+00
  88   0.190859E+03   0.206778E-25   0.201338E-25   0.212492E-25   0.100000E+01   0.000000E+00
  89   0.219488E+03   0.207534E-25   0.202072E-25   0.213303E-25   0.100000E+01   0.000000E+00
  90   0.252411E+03   0.208291E-25   0.202810E-25   0.214081E-25   0.100000E+01   0.000000E+00
  91   0.290272E+03   0.209050E-25   0.203549E-25   0.214862E-25   0.100000E+01   0.000000E+00
  92   0.333813E+03   0.209745E-25   0.204223E-25   0.215592E-25   0.100000E+01   0.000000E+00
  93   0.383885E+03   0.210384E-25   0.204865E-25   0.216197E-25   0.100000E+01   0.000000E+00
  94   0.441468E+03   0.210883E-25   0.205353E-25   0.216746E-25   0.100000E+01   0.000000E+00
  95   0.507688E+03   0.211276E-25   0.205734E-25   0.217114E-25   0.100000E+01   0.000000E+00
  96   0.583841E+03   0.211528E-25   0.205979E-25   0.217373E-25   0.100000E+01   0.000000E+00
  97   0.671418E+03   0.211600E-25   0.206050E-25   0.217482E-25   0.100000E+01   0.000000E+00
  98   0.772130E+03   0.211527E-25   0.205979E-25   0.217407E-25   0.100000E+01   0.000000E+00
  99   0.887950E+03   0.211349E-25   0.205804E-25   0.217225E-25   0.100000E+01   0.000000E+00
 100   0.102114E+04   0.211062E-25   0.205526E-25   0.216929E-25   0.100000E+01   0.000000E+00
 101   0.117431E+04   0.210703E-25   0.205177E-25   0.216561E-25   0.100000E+01   0.000000E+00
 102   0.135046E+04   0.210345E-25   0.204829E-25   0.216193E-25   0.100000E+01   0.000000E+00
 103   0.155303E+04   0.210026E-25   0.204516E-25   0.215865E-25   0.100000E+01   0.000000E+00
 104   0.178598E+04   0.209810E-25   0.204310E-25   0.215608E-25   0.100000E+01   0.000000E+00
 105   0.205388E+04   0.209667E-25   0.204170E-25   0.215461E-25   0.100000E+01   0.000000E+00
 106   0.236196E+04   0.209633E-25   0.204134E-25   0.215426E-25   0.100000E+01   0.000000E+00
 107   0.271626E+04   0.209741E-25   0.204239E-25   0.215537E-25   0.100000E+01   0.000000E+00
 108   0.312370E+04   0.209952E-25   0.204448E-25   0.215754E-25   0.100000E+01   0.000000E+00
 109   0.359225E+04   0.210279E-25   0.204758E-25   0.216090E-25   0.100000E+01   0.000000E+00
 110   0.413109E+04   0.210706E-25   0.205181E-25   0.216528E-25   0.100000E+01   0.000000E+00
 111   0.475075E+04   0.211244E-25   0.205701E-25   0.217043E-25   0.100000E+01   0.000000E+00
 112   0.546337E+04   0.211822E-25   0.206260E-25   0.217675E-25   0.100000E+01   0.000000E+00
 113   0.628287E+04   0.212507E-25   0.206931E-25   0.218341E-25   0.100000E+01   0.000000E+00
 114   0.722530E+04   0.213246E-25   0.207635E-25   0.219100E-25   0.100000E+01   0.000000E+00
 115   0.830910E+04   0.214005E-25   0.208393E-25   0.219880E-25   0.100000E+01   0.000000E+00
 116   0.955546E+04   0.214804E-25   0.209170E-25   0.220740E-25   0.100000E+01   0.000000E+00
 117   0.109888E+05   0.215683E-25   0.210058E-25   0.221608E-25   0.100000E+01   0.000000E+00
 118   0.126371E+05   0.216598E-25   0.210917E-25   0.222544E-25   0.100000E+01   0.000000E+00
 119   0.145327E+05   0.217520E-25   0.211848E-25   0.223529E-25   0.100000E+01   0.000000E+00
 120   0.167126E+05   0.218478E-25   0.212785E-25   0.224480E-25   0.100000E+01   0.000000E+00
 121   0.192194E+05   0.219479E-25   0.213723E-25   0.225504E-25   0.100000E+01   0.000000E+00
 122   0.221024E+05   0.220485E-25   0.214703E-25   0.226538E-25   0.100000E+01   0.000000E+00
 123   0.254177E+05   0.221481E-25   0.215724E-25   0.227600E-25   0.100000E+01   0.000000E+00
 124   0.292304E+05   0.222515E-25   0.216734E-25   0.228663E-25   0.100000E+01   0.000000E+00
 125   0.336149E+05   0.223592E-25   0.217746E-25   0.229730E-25   0.100000E+01   0.000000E+00
 126   0.386572E+05   0.224640E-25   0.218764E-25   0.230807E-25   0.100000E+01   0.000000E+00
 127   0.444557E+05   0.225704E-25   0.219826E-25   0.231905E-25   0.100000E+01   0.000000E+00
 128   0.511241E+05   0.226773E-25   0.220868E-25   0.233003E-25   0.100000E+01   0.000000E+00
 129   0.587927E+05   0.227889E-25   0.221952E-25   0.234150E-25   0.100000E+01   0.000000E+00
 130   0.676116E+05   0.228969E-25   0.223006E-25   0.235260E-25   0.100000E+01   0.000000E+00
 131   0.777534E+05   0.230054E-25   0.224063E-25   0.236374E-25   0.100000E+01   0.000000E+00
 132   0.894164E+05   0.231186E-25   0.225163E-25   0.237537E-25   0.100000E+01   0.000000E+00
 133   0.102829E+06   0.232281E-25   0.226232E-25   0.238663E-25   0.100000E+01   0.000000E+00
 134   0.118253E+06   0.233382E-25   0.227304E-25   0.239793E-25   0.100000E+01   0.000000E+00
 135   0.135991E+06   0.234530E-25   0.228420E-25   0.240974E-25   0.100000E+01   0.000000E+00
 136   0.156390E+06   0.235641E-25   0.229505E-25   0.242115E-25   0.100000E+01   0.000000E+00
 137   0.179848E+06   0.236758E-25   0.230592E-25   0.243262E-25   0.100000E+01   0.000000E+00
 138   0.206826E+06   0.237879E-25   0.231685E-25   0.244415E-25   0.100000E+01   0.000000E+00
 139   0.237849E+06   0.239006E-25   0.232782E-25   0.245572E-25   0.100000E+01   0.000000E+00
 140   0.300000E+06   0.240891E-25   0.234644E-25   0.247505E-25   0.100000E+01   0.000000E+00
