 DM Mass [GeV]   | <sv> @ oh2_Planck [cm^3/s^1] | <sv> @ oh2_Planck-3s  | <sv> @ oh2_Planck+3s  | xi (Tcd)  | DNeff (5 MeV)
 ----------------+------------------------------+-----------------------+-----------------------+-----------+------------------
   1   0.100000E-02   0.108197E-24   0.105264E-24   0.111285E-24   0.100000E+01   0.000000E+00
   2   0.115000E-02   0.108344E-24   0.105412E-24   0.111450E-24   0.100000E+01   0.000000E+00
   3   0.132250E-02   0.107905E-24   0.104986E-24   0.111019E-24   0.100000E+01   0.000000E+00
   4   0.152087E-02   0.106722E-24   0.103814E-24   0.109801E-24   0.100000E+01   0.000000E+00
   5   0.174901E-02   0.104725E-24   0.101860E-24   0.107748E-24   0.100000E+01   0.000000E+00
   6   0.201136E-02   0.101939E-24   0.991272E-25   0.104879E-24   0.100000E+01   0.000000E+00
   7   0.231306E-02   0.985513E-25   0.958539E-25   0.101429E-24   0.100000E+01   0.000000E+00
   8   0.266002E-02   0.950111E-25   0.923949E-25   0.977689E-25   0.100000E+01   0.000000E+00
   9   0.305902E-02   0.916709E-25   0.891526E-25   0.943311E-25   0.100000E+01   0.000000E+00
  10   0.351788E-02   0.888448E-25   0.864124E-25   0.914230E-25   0.100000E+01   0.000000E+00
  11   0.404556E-02   0.866596E-25   0.842888E-25   0.891611E-25   0.100000E+01   0.000000E+00
  12   0.465239E-02   0.850145E-25   0.826976E-25   0.874667E-25   0.100000E+01   0.000000E+00
  13   0.535025E-02   0.838396E-25   0.815691E-25   0.862586E-25   0.100000E+01   0.000000E+00
  14   0.615279E-02   0.830445E-25   0.807972E-25   0.854255E-25   0.100000E+01   0.000000E+00
  15   0.707571E-02   0.825221E-25   0.802938E-25   0.848778E-25   0.100000E+01   0.000000E+00
  16   0.813706E-02   0.822298E-25   0.800180E-25   0.845731E-25   0.100000E+01   0.000000E+00
  17   0.935762E-02   0.821151E-25   0.798967E-25   0.844592E-25   0.100000E+01   0.000000E+00
  18   0.107613E-01   0.821568E-25   0.799476E-25   0.844843E-25   0.100000E+01   0.000000E+00
  19   0.123755E-01   0.822960E-25   0.800836E-25   0.846412E-25   0.100000E+01   0.000000E+00
  20   0.142318E-01   0.825461E-25   0.803275E-25   0.848846E-25   0.100000E+01   0.000000E+00
  21   0.163665E-01   0.828686E-25   0.806402E-25   0.852163E-25   0.100000E+01   0.000000E+00
  22   0.188215E-01   0.832482E-25   0.810239E-25   0.856060E-25   0.100000E+01   0.000000E+00
  23   0.216447E-01   0.836862E-25   0.814501E-25   0.860564E-25   0.100000E+01   0.000000E+00
  24   0.248915E-01   0.841692E-25   0.819064E-25   0.865384E-25   0.100000E+01   0.000000E+00
  25   0.286252E-01   0.846691E-25   0.823918E-25   0.870524E-25   0.100000E+01   0.000000E+00
  26   0.329190E-01   0.851980E-25   0.829233E-25   0.875980E-25   0.100000E+01   0.000000E+00
  27   0.378568E-01   0.857755E-25   0.834696E-25   0.881900E-25   0.100000E+01   0.000000E+00
  28   0.435353E-01   0.863633E-25   0.840496E-25   0.887962E-25   0.100000E+01   0.000000E+00
  29   0.500656E-01   0.869776E-25   0.846542E-25   0.894277E-25   0.100000E+01   0.000000E+00
  30   0.575755E-01   0.875963E-25   0.852564E-25   0.900638E-25   0.100000E+01   0.000000E+00
  31   0.662118E-01   0.882331E-25   0.858773E-25   0.907186E-25   0.100000E+01   0.000000E+00
  32   0.761435E-01   0.888745E-25   0.865016E-25   0.913781E-25   0.100000E+01   0.000000E+00
  33   0.875651E-01   0.895255E-25   0.871453E-25   0.920305E-25   0.100000E+01   0.000000E+00
  34   0.100700E+00   0.901824E-25   0.877848E-25   0.927059E-25   0.100000E+01   0.000000E+00
  35   0.115805E+00   0.908449E-25   0.884290E-25   0.934020E-25   0.100000E+01   0.000000E+00
  36   0.133176E+00   0.915388E-25   0.891074E-25   0.941002E-25   0.100000E+01   0.000000E+00
  37   0.153152E+00   0.922225E-25   0.897741E-25   0.948030E-25   0.100000E+01   0.000000E+00
  38   0.176125E+00   0.928999E-25   0.904293E-25   0.955149E-25   0.100000E+01   0.000000E+00
  39   0.202543E+00   0.935607E-25   0.910768E-25   0.961786E-25   0.100000E+01   0.000000E+00
  40   0.232925E+00   0.941957E-25   0.916950E-25   0.968314E-25   0.100000E+01   0.000000E+00
  41   0.267864E+00   0.947585E-25   0.922392E-25   0.974100E-25   0.100000E+01   0.000000E+00
  42   0.308043E+00   0.951957E-25   0.926648E-25   0.978594E-25   0.100000E+01   0.000000E+00
  43   0.354250E+00   0.954216E-25   0.928877E-25   0.981076E-25   0.100000E+01   0.000000E+00
  44   0.407387E+00   0.953551E-25   0.928230E-25   0.980392E-25   0.100000E+01   0.000000E+00
  45   0.468495E+00   0.949805E-25   0.924445E-25   0.976560E-25   0.100000E+01   0.000000E+00
  46   0.538769E+00   0.943053E-25   0.918010E-25   0.969598E-25   0.100000E+01   0.000000E+00
  47   0.619585E+00   0.935081E-25   0.910250E-25   0.961402E-25   0.100000E+01   0.000000E+00
  48   0.712522E+00   0.926391E-25   0.901639E-25   0.952307E-25   0.100000E+01   0.000000E+00
  49   0.819401E+00   0.917167E-25   0.892679E-25   0.943003E-25   0.100000E+01   0.000000E+00
  50   0.942311E+00   0.908041E-25   0.883916E-25   0.933601E-25   0.100000E+01   0.000000E+00
  51   0.108366E+01   0.899375E-25   0.875417E-25   0.924541E-25   0.100000E+01   0.000000E+00
  52   0.124621E+01   0.890891E-25   0.867234E-25   0.915968E-25   0.100000E+01   0.000000E+00
  53   0.143314E+01   0.882761E-25   0.859320E-25   0.907610E-25   0.100000E+01   0.000000E+00
  54   0.164811E+01   0.873977E-25   0.850758E-25   0.898579E-25   0.100000E+01   0.000000E+00
  55   0.189532E+01   0.863085E-25   0.840013E-25   0.887229E-25   0.100000E+01   0.000000E+00
  56   0.217962E+01   0.848489E-25   0.825925E-25   0.872373E-25   0.100000E+01   0.000000E+00
  57   0.250657E+01   0.826771E-25   0.804538E-25   0.850193E-25   0.100000E+01   0.000000E+00
  58   0.288255E+01   0.785070E-25   0.763803E-25   0.807578E-25   0.100000E+01   0.000000E+00
  59   0.331493E+01   0.718324E-25   0.698530E-25   0.739044E-25   0.100000E+01   0.000000E+00
  60   0.381217E+01   0.646637E-25   0.628911E-25   0.665289E-25   0.100000E+01   0.000000E+00
  61   0.438400E+01   0.596259E-25   0.580140E-25   0.613354E-25   0.100000E+01   0.000000E+00
  62   0.504160E+01   0.562825E-25   0.547686E-25   0.578863E-25   0.100000E+01   0.000000E+00
  63   0.579784E+01   0.537963E-25   0.523483E-25   0.553203E-25   0.100000E+01   0.000000E+00
  64   0.666751E+01   0.518407E-25   0.504450E-25   0.533000E-25   0.100000E+01   0.000000E+00
  65   0.766764E+01   0.502564E-25   0.489145E-25   0.516721E-25   0.100000E+01   0.000000E+00
  66   0.881779E+01   0.489521E-25   0.476451E-25   0.503310E-25   0.100000E+01   0.000000E+00
  67   0.101405E+02   0.478522E-25   0.465739E-25   0.492001E-25   0.100000E+01   0.000000E+00
  68   0.116615E+02   0.469043E-25   0.456587E-25   0.482245E-25   0.100000E+01   0.000000E+00
  69   0.134108E+02   0.460999E-25   0.448757E-25   0.473976E-25   0.100000E+01   0.000000E+00
  70   0.154224E+02   0.454132E-25   0.442034E-25   0.466839E-25   0.100000E+01   0.000000E+00
  71   0.177357E+02   0.448190E-25   0.436348E-25   0.460809E-25   0.100000E+01   0.000000E+00
  72   0.203961E+02   0.443018E-25   0.431357E-25   0.455487E-25   0.100000E+01   0.000000E+00
  73   0.234555E+02   0.438607E-25   0.426957E-25   0.450880E-25   0.100000E+01   0.000000E+00
  74   0.269738E+02   0.434634E-25   0.423147E-25   0.446792E-25   0.100000E+01   0.000000E+00
  75   0.310199E+02   0.431246E-25   0.419882E-25   0.443270E-25   0.100000E+01   0.000000E+00
  76   0.356729E+02   0.428427E-25   0.417067E-25   0.440336E-25   0.100000E+01   0.000000E+00
  77   0.410238E+02   0.426077E-25   0.414794E-25   0.437881E-25   0.100000E+01   0.000000E+00
  78   0.471774E+02   0.424212E-25   0.413011E-25   0.436039E-25   0.100000E+01   0.000000E+00
  79   0.542540E+02   0.422936E-25   0.411736E-25   0.434653E-25   0.100000E+01   0.000000E+00
  80   0.623921E+02   0.422050E-25   0.410939E-25   0.433818E-25   0.100000E+01   0.000000E+00
  81   0.717509E+02   0.421644E-25   0.410478E-25   0.433325E-25   0.100000E+01   0.000000E+00
  82   0.825135E+02   0.421539E-25   0.410447E-25   0.433292E-25   0.100000E+01   0.000000E+00
  83   0.948905E+02   0.421779E-25   0.410681E-25   0.433539E-25   0.100000E+01   0.000000E+00
  84   0.109124E+03   0.422355E-25   0.411265E-25   0.434026E-25   0.100000E+01   0.000000E+00
  85   0.125493E+03   0.423148E-25   0.412045E-25   0.434911E-25   0.100000E+01   0.000000E+00
  86   0.144317E+03   0.424149E-25   0.413026E-25   0.435941E-25   0.100000E+01   0.000000E+00
  87   0.165964E+03   0.425383E-25   0.414214E-25   0.437138E-25   0.100000E+01   0.000000E+00
  88   0.190859E+03   0.426756E-25   0.415562E-25   0.438549E-25   0.100000E+01   0.000000E+00
  89   0.219488E+03   0.428209E-25   0.416903E-25   0.440039E-25   0.100000E+01   0.000000E+00
  90   0.252411E+03   0.429661E-25   0.418393E-25   0.441606E-25   0.100000E+01   0.000000E+00
  91   0.290272E+03   0.431152E-25   0.419880E-25   0.443141E-25   0.100000E+01   0.000000E+00
  92   0.333813E+03   0.432544E-25   0.421195E-25   0.444569E-25   0.100000E+01   0.000000E+00
  93   0.383885E+03   0.433805E-25   0.422412E-25   0.445865E-25   0.100000E+01   0.000000E+00
  94   0.441468E+03   0.434832E-25   0.423429E-25   0.446921E-25   0.100000E+01   0.000000E+00
  95   0.507688E+03   0.435643E-25   0.424215E-25   0.447681E-25   0.100000E+01   0.000000E+00
  96   0.583841E+03   0.436085E-25   0.424649E-25   0.448209E-25   0.100000E+01   0.000000E+00
  97   0.671418E+03   0.436233E-25   0.424862E-25   0.448363E-25   0.100000E+01   0.000000E+00
  98   0.772130E+03   0.436159E-25   0.424718E-25   0.448212E-25   0.100000E+01   0.000000E+00
  99   0.887950E+03   0.435713E-25   0.424290E-25   0.447754E-25   0.100000E+01   0.000000E+00
 100   0.102114E+04   0.435056E-25   0.423641E-25   0.447151E-25   0.100000E+01   0.000000E+00
 101   0.117431E+04   0.434314E-25   0.422927E-25   0.446316E-25   0.100000E+01   0.000000E+00
 102   0.135046E+04   0.433543E-25   0.422138E-25   0.445524E-25   0.100000E+01   0.000000E+00
 103   0.155303E+04   0.432774E-25   0.421388E-25   0.444733E-25   0.100000E+01   0.000000E+00
 104   0.178598E+04   0.432185E-25   0.420854E-25   0.444128E-25   0.100000E+01   0.000000E+00
 105   0.205388E+04   0.431744E-25   0.420424E-25   0.443674E-25   0.100000E+01   0.000000E+00
 106   0.236196E+04   0.431595E-25   0.420279E-25   0.443521E-25   0.100000E+01   0.000000E+00
 107   0.271626E+04   0.431682E-25   0.420347E-25   0.443611E-25   0.100000E+01   0.000000E+00
 108   0.312370E+04   0.432005E-25   0.420717E-25   0.443874E-25   0.100000E+01   0.000000E+00
 109   0.359225E+04   0.432526E-25   0.421237E-25   0.444475E-25   0.100000E+01   0.000000E+00
 110   0.413109E+04   0.433334E-25   0.421968E-25   0.445309E-25   0.100000E+01   0.000000E+00
 111   0.475075E+04   0.434301E-25   0.422900E-25   0.446299E-25   0.100000E+01   0.000000E+00
 112   0.546337E+04   0.435479E-25   0.424058E-25   0.447434E-25   0.100000E+01   0.000000E+00
 113   0.628287E+04   0.436730E-25   0.425277E-25   0.448719E-25   0.100000E+01   0.000000E+00
 114   0.722530E+04   0.438166E-25   0.426717E-25   0.450204E-25   0.100000E+01   0.000000E+00
 115   0.830910E+04   0.439576E-25   0.428193E-25   0.451796E-25   0.100000E+01   0.000000E+00
 116   0.955546E+04   0.441210E-25   0.429715E-25   0.453332E-25   0.100000E+01   0.000000E+00
 117   0.109888E+05   0.442940E-25   0.431389E-25   0.455109E-25   0.100000E+01   0.000000E+00
 118   0.126371E+05   0.444686E-25   0.433080E-25   0.456971E-25   0.100000E+01   0.000000E+00
 119   0.145327E+05   0.446589E-25   0.434860E-25   0.458849E-25   0.100000E+01   0.000000E+00
 120   0.167126E+05   0.448481E-25   0.436797E-25   0.460802E-25   0.100000E+01   0.000000E+00
 121   0.192194E+05   0.450466E-25   0.438647E-25   0.462833E-25   0.100000E+01   0.000000E+00
 122   0.221024E+05   0.452375E-25   0.440589E-25   0.464803E-25   0.100000E+01   0.000000E+00
 123   0.254177E+05   0.454412E-25   0.442606E-25   0.466890E-25   0.100000E+01   0.000000E+00
 124   0.292304E+05   0.456459E-25   0.444600E-25   0.468993E-25   0.100000E+01   0.000000E+00
 125   0.336149E+05   0.458598E-25   0.446602E-25   0.471188E-25   0.100000E+01   0.000000E+00
 126   0.386572E+05   0.460664E-25   0.448695E-25   0.473314E-25   0.100000E+01   0.000000E+00
 127   0.444557E+05   0.462823E-25   0.450716E-25   0.475528E-25   0.100000E+01   0.000000E+00
 128   0.511241E+05   0.464991E-25   0.452829E-25   0.477757E-25   0.100000E+01   0.000000E+00
 129   0.587927E+05   0.467171E-25   0.454951E-25   0.479996E-25   0.100000E+01   0.000000E+00
 130   0.676116E+05   0.469275E-25   0.457083E-25   0.482161E-25   0.100000E+01   0.000000E+00
 131   0.777534E+05   0.471498E-25   0.459220E-25   0.484451E-25   0.100000E+01   0.000000E+00
 132   0.894164E+05   0.473732E-25   0.461395E-25   0.486747E-25   0.100000E+01   0.000000E+00
 133   0.102829E+06   0.475952E-25   0.463502E-25   0.489018E-25   0.100000E+01   0.000000E+00
 134   0.118253E+06   0.478135E-25   0.465754E-25   0.491261E-25   0.100000E+01   0.000000E+00
 135   0.135991E+06   0.480400E-25   0.467890E-25   0.493598E-25   0.100000E+01   0.000000E+00
 136   0.156390E+06   0.482604E-25   0.470107E-25   0.495853E-25   0.100000E+01   0.000000E+00
 137   0.179848E+06   0.484890E-25   0.472263E-25   0.498212E-25   0.100000E+01   0.000000E+00
 138   0.206826E+06   0.487157E-25   0.474420E-25   0.500449E-25   0.100000E+01   0.000000E+00
 139   0.237849E+06   0.489378E-25   0.476635E-25   0.502823E-25   0.100000E+01   0.000000E+00
 140   0.300000E+06   0.493131E-25   0.480283E-25   0.506679E-25   0.100000E+01   0.000000E+00
