# Thermal sigma v for some different final states
# The final states are:
# Case 1: PDG = 12
# Case 2: PDG = 15
# Case 3: PDG =  6
# Case 4: PDG = 24
#  i     Mass [GeV]      sigvmid_1     sigvperr_1     sigvmerr_1      sigvmid_2     sigvperr_2     sigvmerr_2      sigvmid_3     sigvperr_3     sigvmerr_3      sigvmid_4     sigvperr_4     sigvmerr_4, sigv in units of cm^3/s^1
   1   0.100000E+00   0.262767E-24   0.709857E-26  -0.667645E-26   0.100000E+01   0.000000E+00   0.000000E+00   0.100000E+01   0.000000E+00   0.000000E+00   0.100000E+01   0.000000E+00   0.000000E+00
   2   0.110000E+00   0.265729E-24   0.719756E-26  -0.677770E-26   0.100000E+01   0.000000E+00   0.000000E+00   0.100000E+01   0.000000E+00   0.000000E+00   0.100000E+01   0.000000E+00   0.000000E+00
   3   0.121000E+00   0.268724E-24   0.721270E-26  -0.682780E-26   0.100000E+01   0.000000E+00   0.000000E+00   0.100000E+01   0.000000E+00   0.000000E+00   0.100000E+01   0.000000E+00   0.000000E+00
   4   0.133100E+00   0.271753E-24   0.731231E-26  -0.695342E-26   0.100000E+01   0.000000E+00   0.000000E+00   0.100000E+01   0.000000E+00   0.000000E+00   0.100000E+01   0.000000E+00   0.000000E+00
   5   0.146410E+00   0.274762E-24   0.739941E-26  -0.702463E-26   0.100000E+01   0.000000E+00   0.000000E+00   0.100000E+01   0.000000E+00   0.000000E+00   0.100000E+01   0.000000E+00   0.000000E+00
   6   0.161051E+00   0.277752E-24   0.745705E-26  -0.705524E-26   0.100000E+01   0.000000E+00   0.000000E+00   0.100000E+01   0.000000E+00   0.000000E+00   0.100000E+01   0.000000E+00   0.000000E+00
   7   0.177156E+00   0.280720E-24   0.753055E-26  -0.713651E-26   0.100000E+01   0.000000E+00   0.000000E+00   0.100000E+01   0.000000E+00   0.000000E+00   0.100000E+01   0.000000E+00   0.000000E+00
   8   0.194872E+00   0.283609E-24   0.761432E-26  -0.720403E-26   0.100000E+01   0.000000E+00   0.000000E+00   0.100000E+01   0.000000E+00   0.000000E+00   0.100000E+01   0.000000E+00   0.000000E+00
   9   0.214359E+00   0.286474E-24   0.766500E-26  -0.732404E-26   0.100000E+01   0.000000E+00   0.000000E+00   0.100000E+01   0.000000E+00   0.000000E+00   0.100000E+01   0.000000E+00   0.000000E+00
  10   0.235795E+00   0.289143E-24   0.776289E-26  -0.734460E-26   0.100000E+01   0.000000E+00   0.000000E+00   0.100000E+01   0.000000E+00   0.000000E+00   0.100000E+01   0.000000E+00   0.000000E+00
  11   0.259374E+00   0.291669E-24   0.775115E-26  -0.745891E-26   0.100000E+01   0.000000E+00   0.000000E+00   0.100000E+01   0.000000E+00   0.000000E+00   0.100000E+01   0.000000E+00   0.000000E+00
  12   0.285312E+00   0.293818E-24   0.787332E-26  -0.747772E-26   0.100000E+01   0.000000E+00   0.000000E+00   0.100000E+01   0.000000E+00   0.000000E+00   0.100000E+01   0.000000E+00   0.000000E+00
  13   0.313843E+00   0.295584E-24   0.793580E-26  -0.750819E-26   0.100000E+01   0.000000E+00   0.000000E+00   0.100000E+01   0.000000E+00   0.000000E+00   0.100000E+01   0.000000E+00   0.000000E+00
  14   0.345227E+00   0.296728E-24   0.793938E-26  -0.758621E-26   0.100000E+01   0.000000E+00   0.000000E+00   0.100000E+01   0.000000E+00   0.000000E+00   0.100000E+01   0.000000E+00   0.000000E+00
  15   0.379750E+00   0.297130E-24   0.794792E-26  -0.759857E-26   0.100000E+01   0.000000E+00   0.000000E+00   0.100000E+01   0.000000E+00   0.000000E+00   0.100000E+01   0.000000E+00   0.000000E+00
  16   0.417725E+00   0.296785E-24   0.793432E-26  -0.759394E-26   0.100000E+01   0.000000E+00   0.000000E+00   0.100000E+01   0.000000E+00   0.000000E+00   0.100000E+01   0.000000E+00   0.000000E+00
  17   0.459497E+00   0.295755E-24   0.798973E-26  -0.751461E-26   0.100000E+01   0.000000E+00   0.000000E+00   0.100000E+01   0.000000E+00   0.000000E+00   0.100000E+01   0.000000E+00   0.000000E+00
  18   0.505447E+00   0.294386E-24   0.787840E-26  -0.757698E-26   0.100000E+01   0.000000E+00   0.000000E+00   0.100000E+01   0.000000E+00   0.000000E+00   0.100000E+01   0.000000E+00   0.000000E+00
  19   0.555992E+00   0.292685E-24   0.787556E-26  -0.748902E-26   0.100000E+01   0.000000E+00   0.000000E+00   0.100000E+01   0.000000E+00   0.000000E+00   0.100000E+01   0.000000E+00   0.000000E+00
  20   0.611591E+00   0.290881E-24   0.785378E-26  -0.739483E-26   0.100000E+01   0.000000E+00   0.000000E+00   0.100000E+01   0.000000E+00   0.000000E+00   0.100000E+01   0.000000E+00   0.000000E+00
  21   0.672750E+00   0.289087E-24   0.780536E-26  -0.734924E-26   0.100000E+01   0.000000E+00   0.000000E+00   0.100000E+01   0.000000E+00   0.000000E+00   0.100000E+01   0.000000E+00   0.000000E+00
  22   0.740025E+00   0.287416E-24   0.769186E-26  -0.739758E-26   0.100000E+01   0.000000E+00   0.000000E+00   0.100000E+01   0.000000E+00   0.000000E+00   0.100000E+01   0.000000E+00   0.000000E+00
  23   0.814027E+00   0.285755E-24   0.765725E-26  -0.727251E-26   0.100000E+01   0.000000E+00   0.000000E+00   0.100000E+01   0.000000E+00   0.000000E+00   0.100000E+01   0.000000E+00   0.000000E+00
  24   0.895430E+00   0.284323E-24   0.760535E-26  -0.727105E-26   0.100000E+01   0.000000E+00   0.000000E+00   0.100000E+01   0.000000E+00   0.000000E+00   0.100000E+01   0.000000E+00   0.000000E+00
  25   0.984973E+00   0.283007E-24   0.759607E-26  -0.719071E-26   0.100000E+01   0.000000E+00   0.000000E+00   0.100000E+01   0.000000E+00   0.000000E+00   0.100000E+01   0.000000E+00   0.000000E+00
  26   0.108347E+01   0.281916E-24   0.751769E-26  -0.716298E-26   0.100000E+01   0.000000E+00   0.000000E+00   0.100000E+01   0.000000E+00   0.000000E+00   0.100000E+01   0.000000E+00   0.000000E+00
  27   0.119182E+01   0.280937E-24   0.751165E-26  -0.716559E-26   0.100000E+01   0.000000E+00   0.000000E+00   0.100000E+01   0.000000E+00   0.000000E+00   0.100000E+01   0.000000E+00   0.000000E+00
  28   0.121565E+01   0.280720E-24   0.753055E-26  -0.713651E-26   0.100000E+01   0.000000E+00   0.000000E+00   0.100000E+01   0.000000E+00   0.000000E+00   0.100000E+01   0.000000E+00   0.000000E+00
  29   0.123997E+01   0.280557E-24   0.753236E-26  -0.712650E-26   0.100000E+01   0.000000E+00   0.000000E+00   0.100000E+01   0.000000E+00   0.000000E+00   0.100000E+01   0.000000E+00   0.000000E+00
  30   0.126477E+01   0.280394E-24   0.747713E-26  -0.712432E-26   0.860414E-18   0.405876E-19  -0.381710E-19   0.100000E+01   0.000000E+00   0.000000E+00   0.100000E+01   0.000000E+00   0.000000E+00
  31   0.129006E+01   0.280178E-24   0.752013E-26  -0.711882E-26   0.281925E-18   0.129773E-19  -0.121619E-19   0.100000E+01   0.000000E+00   0.000000E+00   0.100000E+01   0.000000E+00   0.000000E+00
  32   0.131586E+01   0.280015E-24   0.751782E-26  -0.711274E-26   0.946532E-19   0.421894E-20  -0.392947E-20   0.100000E+01   0.000000E+00   0.000000E+00   0.100000E+01   0.000000E+00   0.000000E+00
  33   0.134218E+01   0.279853E-24   0.745859E-26  -0.711448E-26   0.325746E-19   0.139582E-20  -0.132052E-20   0.100000E+01   0.000000E+00   0.000000E+00   0.100000E+01   0.000000E+00   0.000000E+00
  34   0.136902E+01   0.279637E-24   0.749330E-26  -0.711680E-26   0.114823E-19   0.480403E-21  -0.450025E-21   0.100000E+01   0.000000E+00   0.000000E+00   0.100000E+01   0.000000E+00   0.000000E+00
  35   0.139640E+01   0.279475E-24   0.745465E-26  -0.709901E-26   0.414878E-20   0.167737E-21  -0.157036E-21   0.100000E+01   0.000000E+00   0.000000E+00   0.100000E+01   0.000000E+00   0.000000E+00
  36   0.142433E+01   0.279259E-24   0.749751E-26  -0.709352E-26   0.153598E-20   0.599659E-22  -0.561633E-22   0.100000E+01   0.000000E+00   0.000000E+00   0.100000E+01   0.000000E+00   0.000000E+00
  37   0.145282E+01   0.279043E-24   0.749172E-26  -0.708804E-26   0.583126E-21   0.219233E-22  -0.207510E-22   0.100000E+01   0.000000E+00   0.000000E+00   0.100000E+01   0.000000E+00   0.000000E+00
  38   0.148188E+01   0.278827E-24   0.748593E-26  -0.708256E-26   0.227056E-21   0.829953E-23  -0.778102E-23   0.100000E+01   0.000000E+00   0.000000E+00   0.100000E+01   0.000000E+00   0.000000E+00
  39   0.151151E+01   0.278612E-24   0.743164E-26  -0.707709E-26   0.907646E-22   0.319710E-23  -0.302384E-23   0.100000E+01   0.000000E+00   0.000000E+00   0.100000E+01   0.000000E+00   0.000000E+00
  40   0.154174E+01   0.278343E-24   0.743275E-26  -0.708424E-26   0.372993E-22   0.127149E-23  -0.120531E-23   0.100000E+01   0.000000E+00   0.000000E+00   0.100000E+01   0.000000E+00   0.000000E+00
  41   0.157258E+01   0.278074E-24   0.746570E-26  -0.706343E-26   0.157819E-22   0.518800E-24  -0.489146E-24   0.100000E+01   0.000000E+00   0.000000E+00   0.100000E+01   0.000000E+00   0.000000E+00
  42   0.160403E+01   0.277806E-24   0.738274E-26  -0.710439E-26   0.689786E-23   0.218348E-24  -0.207172E-24   0.100000E+01   0.000000E+00   0.000000E+00   0.100000E+01   0.000000E+00   0.000000E+00
  43   0.163611E+01   0.277430E-24   0.744841E-26  -0.704707E-26   0.312824E-23   0.955451E-25  -0.909683E-25   0.100000E+01   0.000000E+00   0.000000E+00   0.100000E+01   0.000000E+00   0.000000E+00
  44   0.166883E+01   0.277109E-24   0.736627E-26  -0.708461E-26   0.148345E-23   0.439725E-25  -0.415918E-25   0.100000E+01   0.000000E+00   0.000000E+00   0.100000E+01   0.000000E+00   0.000000E+00
  45   0.170221E+01   0.276680E-24   0.742829E-26  -0.702803E-26   0.746897E-24   0.212762E-25  -0.202199E-25   0.100000E+01   0.000000E+00   0.000000E+00   0.100000E+01   0.000000E+00   0.000000E+00
  46   0.173625E+01   0.276306E-24   0.734290E-26  -0.706605E-26   0.412790E-24   0.113322E-25  -0.108254E-25   0.100000E+01   0.000000E+00   0.000000E+00   0.100000E+01   0.000000E+00   0.000000E+00
  47   0.177098E+01   0.275826E-24   0.740536E-26  -0.700633E-26   0.280225E-24   0.752371E-26  -0.711783E-26   0.100000E+01   0.000000E+00   0.000000E+00   0.100000E+01   0.000000E+00   0.000000E+00
  48   0.180640E+01   0.275347E-24   0.737835E-26  -0.700763E-26   0.275352E-24   0.738757E-26  -0.699911E-26   0.100000E+01   0.000000E+00   0.000000E+00   0.100000E+01   0.000000E+00   0.000000E+00
  49   0.184253E+01   0.274815E-24   0.737620E-26  -0.698258E-26   0.274832E-24   0.734842E-26  -0.703127E-26   0.100000E+01   0.000000E+00   0.000000E+00   0.100000E+01   0.000000E+00   0.000000E+00
  50   0.187938E+01   0.274285E-24   0.728512E-26  -0.701821E-26   0.274227E-24   0.735738E-26  -0.697051E-26   0.100000E+01   0.000000E+00   0.000000E+00   0.100000E+01   0.000000E+00   0.000000E+00
  51   0.191696E+01   0.273650E-24   0.733287E-26  -0.696443E-26   0.273655E-24   0.734202E-26  -0.695597E-26   0.100000E+01   0.000000E+00   0.000000E+00   0.100000E+01   0.000000E+00   0.000000E+00
  52   0.195530E+01   0.273016E-24   0.729885E-26  -0.698574E-26   0.273010E-24   0.729969E-26  -0.698463E-26   0.100000E+01   0.000000E+00   0.000000E+00   0.100000E+01   0.000000E+00   0.000000E+00
  53   0.199441E+01   0.272331E-24   0.728659E-26  -0.696247E-26   0.272331E-24   0.728154E-26  -0.696726E-26   0.100000E+01   0.000000E+00   0.000000E+00   0.100000E+01   0.000000E+00   0.000000E+00
  54   0.203430E+01   0.271595E-24   0.726691E-26  -0.694365E-26   0.271595E-24   0.726186E-26  -0.694843E-26   0.100000E+01   0.000000E+00   0.000000E+00   0.100000E+01   0.000000E+00   0.000000E+00
  55   0.207498E+01   0.270809E-24   0.724387E-26  -0.692546E-26   0.270807E-24   0.724079E-26  -0.692827E-26   0.100000E+01   0.000000E+00   0.000000E+00   0.100000E+01   0.000000E+00   0.000000E+00
  56   0.211648E+01   0.269973E-24   0.722504E-26  -0.694862E-26   0.269972E-24   0.722200E-26  -0.695148E-26   0.100000E+01   0.000000E+00   0.000000E+00   0.100000E+01   0.000000E+00   0.000000E+00
  57   0.215881E+01   0.269035E-24   0.719344E-26  -0.686204E-26   0.269025E-24   0.723991E-26  -0.688270E-26   0.100000E+01   0.000000E+00   0.000000E+00   0.100000E+01   0.000000E+00   0.000000E+00
  58   0.237469E+01   0.262970E-24   0.712908E-26  -0.676839E-26   0.262959E-24   0.712927E-26  -0.676765E-26   0.100000E+01   0.000000E+00   0.000000E+00   0.100000E+01   0.000000E+00   0.000000E+00
  59   0.261216E+01   0.252171E-24   0.688882E-26  -0.657181E-26   0.252138E-24   0.691804E-26  -0.653603E-26   0.100000E+01   0.000000E+00   0.000000E+00   0.100000E+01   0.000000E+00   0.000000E+00
  60   0.287338E+01   0.235498E-24   0.654996E-26  -0.621492E-26   0.235482E-24   0.654805E-26  -0.618323E-26   0.100000E+01   0.000000E+00   0.000000E+00   0.100000E+01   0.000000E+00   0.000000E+00
  61   0.316072E+01   0.214305E-24   0.601090E-26  -0.572625E-26   0.214284E-24   0.602746E-26  -0.569431E-26   0.100000E+01   0.000000E+00   0.000000E+00   0.100000E+01   0.000000E+00   0.000000E+00
  62   0.347679E+01   0.193555E-24   0.540400E-26  -0.514982E-26   0.193543E-24   0.541430E-26  -0.513944E-26   0.100000E+01   0.000000E+00   0.000000E+00   0.100000E+01   0.000000E+00   0.000000E+00
  63   0.382447E+01   0.178191E-24   0.488997E-26  -0.470644E-26   0.178188E-24   0.489340E-26  -0.467826E-26   0.100000E+01   0.000000E+00   0.000000E+00   0.100000E+01   0.000000E+00   0.000000E+00
  64   0.420692E+01   0.168382E-24   0.459311E-26  -0.436043E-26   0.168381E-24   0.459323E-26  -0.436024E-26   0.100000E+01   0.000000E+00   0.000000E+00   0.100000E+01   0.000000E+00   0.000000E+00
  65   0.462761E+01   0.161998E-24   0.439296E-26  -0.416840E-26   0.161993E-24   0.439190E-26  -0.416913E-26   0.100000E+01   0.000000E+00   0.000000E+00   0.100000E+01   0.000000E+00   0.000000E+00
  66   0.509037E+01   0.157492E-24   0.424337E-26  -0.405244E-26   0.157494E-24   0.424356E-26  -0.405235E-26   0.100000E+01   0.000000E+00   0.000000E+00   0.100000E+01   0.000000E+00   0.000000E+00
  67   0.559940E+01   0.154120E-24   0.412572E-26  -0.396568E-26   0.154121E-24   0.412287E-26  -0.396843E-26   0.100000E+01   0.000000E+00   0.000000E+00   0.100000E+01   0.000000E+00   0.000000E+00
  68   0.615934E+01   0.151550E-24   0.408016E-26  -0.387564E-26   0.151548E-24   0.408137E-26  -0.387438E-26   0.100000E+01   0.000000E+00   0.000000E+00   0.100000E+01   0.000000E+00   0.000000E+00
  69   0.677528E+01   0.149572E-24   0.401460E-26  -0.380036E-26   0.149581E-24   0.401319E-26  -0.380217E-26   0.100000E+01   0.000000E+00   0.000000E+00   0.100000E+01   0.000000E+00   0.000000E+00
  70   0.745281E+01   0.148077E-24   0.397446E-26  -0.376237E-26   0.148086E-24   0.397307E-26  -0.376416E-26   0.100000E+01   0.000000E+00   0.000000E+00   0.100000E+01   0.000000E+00   0.000000E+00
  71   0.819809E+01   0.146936E-24   0.391828E-26  -0.373340E-26   0.146923E-24   0.391631E-26  -0.373461E-26   0.100000E+01   0.000000E+00   0.000000E+00   0.100000E+01   0.000000E+00   0.000000E+00
  72   0.901790E+01   0.146031E-24   0.386870E-26  -0.371038E-26   0.146017E-24   0.389495E-26  -0.370888E-26   0.100000E+01   0.000000E+00   0.000000E+00   0.100000E+01   0.000000E+00   0.000000E+00
  73   0.991969E+01   0.145299E-24   0.387247E-26  -0.369382E-26   0.145284E-24   0.388462E-26  -0.366895E-26   0.100000E+01   0.000000E+00   0.000000E+00   0.100000E+01   0.000000E+00   0.000000E+00
  74   0.109117E+02   0.144738E-24   0.386527E-26  -0.365969E-26   0.144731E-24   0.386983E-26  -0.365498E-26   0.100000E+01   0.000000E+00   0.000000E+00   0.100000E+01   0.000000E+00   0.000000E+00
  75   0.120028E+02   0.144319E-24   0.383639E-26  -0.364208E-26   0.144343E-24   0.382425E-26  -0.366725E-26   0.100000E+01   0.000000E+00   0.000000E+00   0.100000E+01   0.000000E+00   0.000000E+00
  76   0.132031E+02   0.144041E-24   0.382898E-26  -0.363505E-26   0.144040E-24   0.382909E-26  -0.363490E-26   0.100000E+01   0.000000E+00   0.000000E+00   0.100000E+01   0.000000E+00   0.000000E+00
  77   0.145234E+02   0.143874E-24   0.382455E-26  -0.363084E-26   0.143897E-24   0.381244E-26  -0.365592E-26   0.100000E+01   0.000000E+00   0.000000E+00   0.100000E+01   0.000000E+00   0.000000E+00
  78   0.159758E+02   0.143818E-24   0.382307E-26  -0.362944E-26   0.143817E-24   0.382317E-26  -0.362929E-26   0.100000E+01   0.000000E+00   0.000000E+00   0.100000E+01   0.000000E+00   0.000000E+00
  79   0.175733E+02   0.143846E-24   0.380450E-26  -0.366091E-26   0.143826E-24   0.382341E-26  -0.362951E-26   0.100000E+01   0.000000E+00   0.000000E+00   0.100000E+01   0.000000E+00   0.000000E+00
  80   0.193307E+02   0.143902E-24   0.382610E-26  -0.360879E-26   0.143927E-24   0.381323E-26  -0.365667E-26   0.100000E+01   0.000000E+00   0.000000E+00   0.100000E+01   0.000000E+00   0.000000E+00
  81   0.212637E+02   0.144041E-24   0.382898E-26  -0.363505E-26   0.144040E-24   0.382909E-26  -0.363490E-26   0.100000E+01   0.000000E+00   0.000000E+00   0.100000E+01   0.000000E+00   0.000000E+00
  82   0.233901E+02   0.144208E-24   0.383343E-26  -0.363927E-26   0.144207E-24   0.383353E-26  -0.363912E-26   0.100000E+01   0.000000E+00   0.000000E+00   0.100000E+01   0.000000E+00   0.000000E+00
  83   0.257291E+02   0.144431E-24   0.381426E-26  -0.364490E-26   0.144431E-24   0.381346E-26  -0.364565E-26   0.100000E+01   0.000000E+00   0.000000E+00   0.100000E+01   0.000000E+00   0.000000E+00
  84   0.283020E+02   0.144682E-24   0.382172E-26  -0.362837E-26   0.144694E-24   0.382133E-26  -0.365141E-26   0.100000E+01   0.000000E+00   0.000000E+00   0.100000E+01   0.000000E+00   0.000000E+00
  85   0.311322E+02   0.145018E-24   0.382871E-26  -0.366073E-26   0.145017E-24   0.382894E-26  -0.366045E-26   0.100000E+01   0.000000E+00   0.000000E+00   0.100000E+01   0.000000E+00   0.000000E+00
  86   0.342454E+02   0.145411E-24   0.383078E-26  -0.366000E-26   0.145388E-24   0.384061E-26  -0.364582E-26   0.100000E+01   0.000000E+00   0.000000E+00   0.100000E+01   0.000000E+00   0.000000E+00
  87   0.376700E+02   0.145861E-24   0.383804E-26  -0.367202E-26   0.145859E-24   0.385397E-26  -0.365673E-26   0.100000E+01   0.000000E+00   0.000000E+00   0.100000E+01   0.000000E+00   0.000000E+00
  88   0.414370E+02   0.146398E-24   0.386810E-26  -0.367038E-26   0.146386E-24   0.386697E-26  -0.367084E-26   0.100000E+01   0.000000E+00   0.000000E+00   0.100000E+01   0.000000E+00   0.000000E+00
  89   0.455807E+02   0.146993E-24   0.387636E-26  -0.369240E-26   0.146999E-24   0.388409E-26  -0.368532E-26   0.100000E+01   0.000000E+00   0.000000E+00   0.100000E+01   0.000000E+00   0.000000E+00
  90   0.501388E+02   0.147705E-24   0.387507E-26  -0.372752E-26   0.147691E-24   0.390239E-26  -0.370267E-26   0.100000E+01   0.000000E+00   0.000000E+00   0.100000E+01   0.000000E+00   0.000000E+00
  91   0.551526E+02   0.148449E-24   0.392229E-26  -0.372180E-26   0.148462E-24   0.389696E-26  -0.372200E-26   0.100000E+01   0.000000E+00   0.000000E+00   0.100000E+01   0.000000E+00   0.000000E+00
  92   0.562557E+02   0.148621E-24   0.392684E-26  -0.372612E-26   0.148609E-24   0.392569E-26  -0.372659E-26   0.100000E+01   0.000000E+00   0.000000E+00   0.100000E+01   0.000000E+00   0.000000E+00
  93   0.573808E+02   0.148794E-24   0.393140E-26  -0.373044E-26   0.148781E-24   0.393025E-26  -0.373091E-26   0.100000E+01   0.000000E+00   0.000000E+00   0.100000E+01   0.000000E+00   0.000000E+00
  94   0.585284E+02   0.148966E-24   0.393596E-26  -0.373477E-26   0.148954E-24   0.393481E-26  -0.373524E-26   0.100000E+01   0.000000E+00   0.000000E+00   0.653180E-18   0.296081E-19  -0.275110E-19
  95   0.596990E+02   0.149139E-24   0.394052E-26  -0.373910E-26   0.149127E-24   0.393937E-26  -0.373957E-26   0.100000E+01   0.000000E+00   0.000000E+00   0.195895E-18   0.860274E-20  -0.799630E-20
  96   0.608930E+02   0.149312E-24   0.394509E-26  -0.374344E-26   0.149300E-24   0.394202E-26  -0.371926E-26   0.100000E+01   0.000000E+00   0.000000E+00   0.603384E-19   0.256229E-20  -0.240280E-20
  97   0.621108E+02   0.149485E-24   0.394967E-26  -0.374778E-26   0.149498E-24   0.395014E-26  -0.374798E-26   0.100000E+01   0.000000E+00   0.000000E+00   0.190800E-19   0.778763E-21  -0.736179E-21
  98   0.633530E+02   0.149688E-24   0.392792E-26  -0.375389E-26   0.149688E-24   0.392916E-26  -0.375275E-26   0.100000E+01   0.000000E+00   0.000000E+00   0.619408E-20   0.245176E-21  -0.230527E-21
  99   0.646201E+02   0.149861E-24   0.395634E-26  -0.376031E-26   0.149871E-24   0.393395E-26  -0.375733E-26   0.100000E+01   0.000000E+00   0.000000E+00   0.206517E-20   0.793272E-22  -0.741653E-22
 100   0.659125E+02   0.150064E-24   0.393889E-26  -0.376230E-26   0.150041E-24   0.396159E-26  -0.373771E-26   0.100000E+01   0.000000E+00   0.000000E+00   0.707434E-21   0.260999E-22  -0.247124E-22
 101   0.672308E+02   0.150238E-24   0.396956E-26  -0.376666E-26   0.150251E-24   0.394393E-26  -0.376686E-26   0.100000E+01   0.000000E+00   0.000000E+00   0.249076E-21   0.887416E-23  -0.842036E-23
 102   0.685754E+02   0.150442E-24   0.395673E-26  -0.376240E-26   0.150426E-24   0.397176E-26  -0.374731E-26   0.100000E+01   0.000000E+00   0.000000E+00   0.902225E-22   0.311109E-23  -0.294424E-23
 103   0.699469E+02   0.150645E-24   0.395414E-26  -0.377687E-26   0.150622E-24   0.397693E-26  -0.375219E-26   0.100000E+01   0.000000E+00   0.000000E+00   0.336683E-22   0.111979E-23  -0.106999E-23
 104   0.713458E+02   0.150849E-24   0.395840E-26  -0.378302E-26   0.150824E-24   0.398229E-26  -0.375724E-26   0.100000E+01   0.000000E+00   0.000000E+00   0.129661E-22   0.416015E-24  -0.397728E-24
 105   0.727727E+02   0.151039E-24   0.396502E-26  -0.378621E-26   0.151041E-24   0.396467E-26  -0.378666E-26   0.100000E+01   0.000000E+00   0.000000E+00   0.517012E-23   0.160460E-24  -0.152381E-24
 106   0.742282E+02   0.151229E-24   0.399378E-26  -0.376653E-26   0.151229E-24   0.399296E-26  -0.376731E-26   0.100000E+01   0.000000E+00   0.000000E+00   0.214527E-23   0.639961E-25  -0.613237E-25
 107   0.757127E+02   0.151433E-24   0.399810E-26  -0.377267E-26   0.151432E-24   0.399834E-26  -0.377238E-26   0.100000E+01   0.000000E+00   0.000000E+00   0.934028E-24   0.269807E-25  -0.255727E-25
 108   0.772270E+02   0.151668E-24   0.397987E-26  -0.380354E-26   0.151643E-24   0.400389E-26  -0.377762E-26   0.100000E+01   0.000000E+00   0.000000E+00   0.434198E-24   0.121520E-25  -0.114587E-25
 109   0.787715E+02   0.151873E-24   0.398636E-26  -0.380764E-26   0.151849E-24   0.400934E-26  -0.378277E-26   0.100000E+01   0.000000E+00   0.000000E+00   0.224434E-24   0.604240E-26  -0.573952E-26
 110   0.803470E+02   0.152068E-24   0.400937E-26  -0.379371E-26   0.152087E-24   0.399213E-26  -0.381289E-26   0.100000E+01   0.000000E+00   0.000000E+00   0.152108E-24   0.399253E-26  -0.381354E-26
 111   0.819539E+02   0.152290E-24   0.402294E-26  -0.381889E-26   0.152302E-24   0.399777E-26  -0.381828E-26   0.100000E+01   0.000000E+00   0.000000E+00   0.152284E-24   0.402363E-26  -0.381796E-26
 112   0.835930E+02   0.152505E-24   0.402958E-26  -0.382335E-26   0.152492E-24   0.402631E-26  -0.379879E-26   0.100000E+01   0.000000E+00   0.000000E+00   0.152491E-24   0.402601E-26  -0.379900E-26
 113   0.852649E+02   0.152722E-24   0.403532E-26  -0.382879E-26   0.152735E-24   0.400913E-26  -0.382913E-26   0.100000E+01   0.000000E+00   0.000000E+00   0.152726E-24   0.400766E-26  -0.383010E-26
 114   0.869701E+02   0.152960E-24   0.402703E-26  -0.384863E-26   0.152933E-24   0.403796E-26  -0.380978E-26   0.100000E+01   0.000000E+00   0.000000E+00   0.152933E-24   0.403880E-26  -0.380898E-26
 115   0.887096E+02   0.153166E-24   0.402045E-26  -0.383994E-26   0.153168E-24   0.402050E-26  -0.383998E-26   0.100000E+01   0.000000E+00   0.000000E+00   0.153170E-24   0.402040E-26  -0.384016E-26
 116   0.904837E+02   0.153405E-24   0.401209E-26  -0.385983E-26   0.153393E-24   0.402639E-26  -0.384562E-26   0.100000E+01   0.000000E+00   0.000000E+00   0.153377E-24   0.404720E-26  -0.382320E-26
 117   0.922934E+02   0.153608E-24   0.403006E-26  -0.382565E-26   0.153607E-24   0.403003E-26  -0.382563E-26   0.100000E+01   0.000000E+00   0.000000E+00   0.153614E-24   0.402873E-26  -0.385448E-26
 118   0.941393E+02   0.153847E-24   0.402177E-26  -0.384547E-26   0.153858E-24   0.403176E-26  -0.386379E-26   0.100000E+01   0.000000E+00   0.000000E+00   0.153852E-24   0.403496E-26  -0.386045E-26
 119   0.960221E+02   0.154085E-24   0.402988E-26  -0.387694E-26   0.154073E-24   0.404424E-26  -0.386266E-26   0.100000E+01   0.000000E+00   0.000000E+00   0.154060E-24   0.404180E-26  -0.383706E-26
 120   0.979425E+02   0.154294E-24   0.406025E-26  -0.385665E-26   0.154306E-24   0.405037E-26  -0.386851E-26   0.100000E+01   0.000000E+00   0.000000E+00   0.154299E-24   0.404805E-26  -0.384299E-26
 121   0.107737E+03   0.155425E-24   0.407676E-26  -0.387185E-26   0.155449E-24   0.407346E-26  -0.390375E-26   0.100000E+01   0.000000E+00   0.000000E+00   0.155436E-24   0.407988E-26  -0.389697E-26
 122   0.118510E+03   0.156600E-24   0.411057E-26  -0.392601E-26   0.156602E-24   0.411062E-26  -0.392606E-26   0.100000E+01   0.000000E+00   0.000000E+00   0.156612E-24   0.409863E-26  -0.394192E-26
 123   0.120881E+03   0.156840E-24   0.412726E-26  -0.392029E-26   0.156826E-24   0.414075E-26  -0.390675E-26   0.100000E+01   0.000000E+00   0.000000E+00   0.156854E-24   0.410914E-26  -0.394010E-26
 124   0.123298E+03   0.157087E-24   0.410647E-26  -0.392646E-26   0.157098E-24   0.411667E-26  -0.394516E-26   0.100000E+01   0.000000E+00   0.000000E+00   0.157097E-24   0.410447E-26  -0.392883E-26
 125   0.125764E+03   0.157345E-24   0.410280E-26  -0.394471E-26   0.157346E-24   0.412316E-26  -0.395139E-26   0.100000E+01   0.000000E+00   0.000000E+00   0.157340E-24   0.411989E-26  -0.392628E-26
 126   0.128280E+03   0.157571E-24   0.415265E-26  -0.391245E-26   0.157588E-24   0.413651E-26  -0.395079E-26   0.350319E-18   0.152605E-19  -0.142998E-19   0.157583E-24   0.413272E-26  -0.393205E-26
 127   0.130845E+03   0.157848E-24   0.411590E-26  -0.395730E-26   0.157849E-24   0.413633E-26  -0.396400E-26   0.103612E-18   0.436727E-20  -0.409460E-20   0.157827E-24   0.413265E-26  -0.393844E-26
 128   0.133462E+03   0.158085E-24   0.414754E-26  -0.393717E-26   0.158084E-24   0.414751E-26  -0.393715E-26   0.314975E-19   0.128773E-20  -0.121330E-20   0.158102E-24   0.412239E-26  -0.396381E-26
 129   0.136131E+03   0.158344E-24   0.415635E-26  -0.396974E-26   0.158346E-24   0.415640E-26  -0.396979E-26   0.983380E-20   0.390464E-21  -0.362782E-21   0.158346E-24   0.415628E-26  -0.396994E-26
 130   0.138854E+03   0.158590E-24   0.417951E-26  -0.393774E-26   0.158580E-24   0.415951E-26  -0.395044E-26   0.315684E-20   0.119794E-21  -0.114400E-21   0.158591E-24   0.416067E-26  -0.394991E-26
 131   0.141631E+03   0.158859E-24   0.414227E-26  -0.398265E-26   0.158860E-24   0.416283E-26  -0.398940E-26   0.104140E-20   0.384317E-22  -0.363686E-22   0.158867E-24   0.414120E-26  -0.398410E-26
 132   0.144464E+03   0.159109E-24   0.417645E-26  -0.398893E-26   0.159111E-24   0.414886E-26  -0.398898E-26   0.353373E-21   0.126653E-22  -0.118819E-22   0.159113E-24   0.414761E-26  -0.399026E-26
 133   0.147353E+03   0.159355E-24   0.418086E-26  -0.396880E-26   0.159354E-24   0.418083E-26  -0.396878E-26   0.123459E-21   0.427110E-23  -0.399168E-23   0.159359E-24   0.417967E-26  -0.397013E-26
 134   0.150300E+03   0.159600E-24   0.420613E-26  -0.396283E-26   0.159617E-24   0.418773E-26  -0.397533E-26   0.444704E-22   0.148057E-23  -0.139864E-23   0.159606E-24   0.418614E-26  -0.397627E-26
 135   0.153306E+03   0.159874E-24   0.419652E-26  -0.400810E-26   0.159876E-24   0.419657E-26  -0.400815E-26   0.165406E-22   0.532028E-24  -0.501945E-24   0.159884E-24   0.416885E-26  -0.400848E-26
 136   0.156372E+03   0.160128E-24   0.420114E-26  -0.398805E-26   0.160127E-24   0.420111E-26  -0.398803E-26   0.637491E-23   0.197385E-24  -0.187274E-24   0.160131E-24   0.420106E-26  -0.398826E-26
 137   0.159499E+03   0.160374E-24   0.422653E-26  -0.398205E-26   0.160391E-24   0.421010E-26  -0.402108E-26   0.255821E-23   0.765008E-25  -0.725668E-25   0.160379E-24   0.420756E-26  -0.399443E-26
 138   0.162689E+03   0.160649E-24   0.421481E-26  -0.400103E-26   0.160648E-24   0.421478E-26  -0.400100E-26   0.107845E-23   0.311524E-25  -0.295267E-25   0.160658E-24   0.418554E-26  -0.403122E-26
 139   0.165943E+03   0.160900E-24   0.422139E-26  -0.400728E-26   0.160927E-24   0.418903E-26  -0.404130E-26   0.485788E-24   0.135076E-25  -0.128238E-25   0.160906E-24   0.421793E-26  -0.401088E-26
 140   0.169262E+03   0.161175E-24   0.420266E-26  -0.404071E-26   0.161176E-24   0.422149E-26  -0.402091E-26   0.243731E-24   0.652000E-26  -0.623256E-26   0.161156E-24   0.422719E-26  -0.399376E-26
 141   0.172647E+03   0.161428E-24   0.423523E-26  -0.402041E-26   0.161427E-24   0.423520E-26  -0.402039E-26   0.161453E-24   0.423499E-26  -0.400114E-26   0.161425E-24   0.423413E-26  -0.402131E-26
 142   0.176100E+03   0.161696E-24   0.424228E-26  -0.402710E-26   0.161695E-24   0.424225E-26  -0.402708E-26   0.161694E-24   0.424222E-26  -0.402705E-26   0.161693E-24   0.424220E-26  -0.402703E-26
 143   0.179622E+03   0.161939E-24   0.426777E-26  -0.402090E-26   0.161956E-24   0.424910E-26  -0.403358E-26   0.161955E-24   0.424907E-26  -0.403356E-26   0.161954E-24   0.424905E-26  -0.403353E-26
 144   0.183215E+03   0.162228E-24   0.423012E-26  -0.406711E-26   0.162229E-24   0.424907E-26  -0.404719E-26   0.162221E-24   0.425603E-26  -0.404017E-26   0.162220E-24   0.425601E-26  -0.404014E-26
 145   0.186879E+03   0.162466E-24   0.428167E-26  -0.403400E-26   0.162484E-24   0.426293E-26  -0.404672E-26   0.162483E-24   0.426291E-26  -0.404669E-26   0.162482E-24   0.426288E-26  -0.404666E-26
 146   0.190617E+03   0.162756E-24   0.424389E-26  -0.408036E-26   0.162757E-24   0.426291E-26  -0.406036E-26   0.162749E-24   0.426989E-26  -0.405332E-26   0.162748E-24   0.426987E-26  -0.405330E-26
 147   0.194429E+03   0.162995E-24   0.429561E-26  -0.404713E-26   0.163013E-24   0.427682E-26  -0.405989E-26   0.163012E-24   0.427679E-26  -0.405987E-26   0.163011E-24   0.427676E-26  -0.405984E-26
 148   0.198318E+03   0.163258E-24   0.430255E-26  -0.405367E-26   0.163276E-24   0.425745E-26  -0.409340E-26   0.163277E-24   0.427653E-26  -0.407334E-26   0.163269E-24   0.428354E-26  -0.406627E-26
 149   0.202284E+03   0.163545E-24   0.426446E-26  -0.410013E-26   0.163546E-24   0.428356E-26  -0.408004E-26   0.163538E-24   0.429058E-26  -0.407296E-26   0.163537E-24   0.429056E-26  -0.407294E-26
 150   0.206330E+03   0.163785E-24   0.431642E-26  -0.406674E-26   0.163803E-24   0.429754E-26  -0.407956E-26   0.163802E-24   0.429751E-26  -0.407954E-26   0.163801E-24   0.429748E-26  -0.407951E-26
 151   0.210456E+03   0.164049E-24   0.432339E-26  -0.407331E-26   0.164067E-24   0.430448E-26  -0.408615E-26   0.164066E-24   0.430445E-26  -0.408613E-26   0.164065E-24   0.430442E-26  -0.408610E-26
 152   0.231502E+03   0.165319E-24   0.433418E-26  -0.412030E-26   0.165315E-24   0.433721E-26  -0.411722E-26   0.165314E-24   0.433718E-26  -0.411720E-26   0.165313E-24   0.433715E-26  -0.411717E-26
 153   0.254652E+03   0.166548E-24   0.436956E-26  -0.414793E-26   0.166547E-24   0.436953E-26  -0.414790E-26   0.166546E-24   0.436950E-26  -0.414788E-26   0.166545E-24   0.436947E-26  -0.414785E-26
 154   0.280117E+03   0.167760E-24   0.440031E-26  -0.417914E-26   0.167758E-24   0.440132E-26  -0.417808E-26   0.167757E-24   0.440129E-26  -0.417805E-26   0.167756E-24   0.440126E-26  -0.417803E-26
 155   0.308129E+03   0.168924E-24   0.441589E-26  -0.422232E-26   0.168936E-24   0.439751E-26  -0.424243E-26   0.168929E-24   0.439523E-26  -0.421435E-26   0.168922E-24   0.442438E-26  -0.421416E-26
 156   0.338942E+03   0.170033E-24   0.443038E-26  -0.423575E-26   0.170032E-24   0.445345E-26  -0.424185E-26   0.170023E-24   0.446074E-26  -0.423449E-26   0.170022E-24   0.446071E-26  -0.423446E-26
 157   0.372836E+03   0.171061E-24   0.448796E-26  -0.426033E-26   0.171060E-24   0.448793E-26  -0.426030E-26   0.171058E-24   0.448790E-26  -0.426027E-26   0.171057E-24   0.448787E-26  -0.426024E-26
 158   0.410119E+03   0.172015E-24   0.451203E-26  -0.426288E-26   0.172043E-24   0.447624E-26  -0.429202E-26   0.172035E-24   0.447605E-26  -0.429183E-26   0.172028E-24   0.450573E-26  -0.429165E-26
 159   0.451131E+03   0.172896E-24   0.451267E-26  -0.427748E-26   0.172899E-24   0.453521E-26  -0.428479E-26   0.172898E-24   0.453616E-26  -0.430608E-26   0.172897E-24   0.451269E-26  -0.427751E-26
 160   0.496245E+03   0.173692E-24   0.453346E-26  -0.429720E-26   0.173696E-24   0.455612E-26  -0.430454E-26   0.173695E-24   0.455706E-26  -0.432593E-26   0.173694E-24   0.453349E-26  -0.429723E-26
 161   0.545869E+03   0.174404E-24   0.456559E-26  -0.432829E-26   0.174421E-24   0.453810E-26  -0.435135E-26   0.174413E-24   0.456820E-26  -0.435115E-26   0.174405E-24   0.457569E-26  -0.434361E-26
 162   0.600456E+03   0.175025E-24   0.458864E-26  -0.436220E-26   0.175020E-24   0.459184E-26  -0.435894E-26   0.175019E-24   0.459181E-26  -0.435891E-26   0.175018E-24   0.459179E-26  -0.435889E-26
 163   0.660502E+03   0.175551E-24   0.460577E-26  -0.437216E-26   0.175550E-24   0.460574E-26  -0.437214E-26   0.175549E-24   0.460571E-26  -0.437211E-26   0.175548E-24   0.460568E-26  -0.437208E-26
 164   0.726552E+03   0.175993E-24   0.459241E-26  -0.435517E-26   0.175995E-24   0.458585E-26  -0.436153E-26   0.175991E-24   0.461633E-26  -0.436142E-26   0.175990E-24   0.459343E-26  -0.435404E-26
 165   0.799207E+03   0.176381E-24   0.459691E-26  -0.439284E-26   0.176381E-24   0.459591E-26  -0.437109E-26   0.176377E-24   0.461963E-26  -0.440015E-26   0.176368E-24   0.460330E-26  -0.436340E-26
 166   0.879128E+03   0.176670E-24   0.464079E-26  -0.437193E-26   0.176706E-24   0.459756E-26  -0.440835E-26   0.176698E-24   0.459736E-26  -0.440816E-26   0.176691E-24   0.460397E-26  -0.437875E-26
 167   0.967040E+03   0.176956E-24   0.461864E-26  -0.437794E-26   0.176959E-24   0.461096E-26  -0.438541E-26   0.176955E-24   0.461085E-26  -0.438531E-26   0.176950E-24   0.464150E-26  -0.438520E-26
 168   0.106374E+04   0.177219E-24   0.463275E-26  -0.442967E-26   0.177202E-24   0.462506E-26  -0.438402E-26   0.177205E-24   0.461737E-26  -0.439151E-26   0.177201E-24   0.461726E-26  -0.439140E-26
 169   0.117012E+04   0.177437E-24   0.464535E-26  -0.440572E-26   0.177457E-24   0.462394E-26  -0.439775E-26   0.177453E-24   0.462383E-26  -0.439765E-26   0.177448E-24   0.462371E-26  -0.439754E-26
 170   0.128713E+04   0.177715E-24   0.463845E-26  -0.439672E-26   0.177718E-24   0.463074E-26  -0.440422E-26   0.177714E-24   0.463062E-26  -0.440411E-26   0.177709E-24   0.463051E-26  -0.440401E-26
 171   0.141584E+04   0.178036E-24   0.464005E-26  -0.443406E-26   0.178036E-24   0.463218E-26  -0.444154E-26   0.178029E-24   0.463884E-26  -0.441192E-26   0.178024E-24   0.463872E-26  -0.441181E-26
 172   0.155743E+04   0.178382E-24   0.465252E-26  -0.441642E-26   0.178382E-24   0.464805E-26  -0.442068E-26   0.178378E-24   0.464793E-26  -0.442058E-26   0.178374E-24   0.464782E-26  -0.442047E-26
 173   0.171317E+04   0.178823E-24   0.466738E-26  -0.442413E-26   0.178826E-24   0.465962E-26  -0.443169E-26   0.178822E-24   0.465950E-26  -0.443158E-26   0.178818E-24   0.465939E-26  -0.443147E-26
 174   0.188449E+04   0.179329E-24   0.468058E-26  -0.443665E-26   0.179332E-24   0.467280E-26  -0.444422E-26   0.179328E-24   0.467268E-26  -0.444411E-26   0.179323E-24   0.467257E-26  -0.444401E-26
 175   0.207294E+04   0.179928E-24   0.465468E-26  -0.448440E-26   0.179921E-24   0.465792E-26  -0.448099E-26   0.179917E-24   0.466467E-26  -0.445121E-26   0.179894E-24   0.468743E-26  -0.445813E-26
 176   0.228023E+04   0.180561E-24   0.471160E-26  -0.446821E-26   0.180563E-24   0.470487E-26  -0.447473E-26   0.180589E-24   0.468209E-26  -0.446783E-26   0.180565E-24   0.470494E-26  -0.447478E-26
 177   0.250825E+04   0.181327E-24   0.473274E-26  -0.448609E-26   0.181331E-24   0.472487E-26  -0.449375E-26   0.181326E-24   0.472475E-26  -0.449364E-26   0.181322E-24   0.472464E-26  -0.449353E-26
 178   0.275908E+04   0.182179E-24   0.471989E-26  -0.451043E-26   0.182152E-24   0.474628E-26  -0.451410E-26   0.182147E-24   0.474615E-26  -0.451399E-26   0.182143E-24   0.477076E-26  -0.448376E-26
 179   0.303499E+04   0.183060E-24   0.477796E-26  -0.452895E-26   0.183063E-24   0.477001E-26  -0.453668E-26   0.183059E-24   0.476989E-26  -0.453657E-26   0.183054E-24   0.476978E-26  -0.453646E-26
 180   0.333849E+04   0.184045E-24   0.476360E-26  -0.456101E-26   0.184012E-24   0.478777E-26  -0.452977E-26   0.184036E-24   0.477144E-26  -0.455310E-26   0.184011E-24   0.478775E-26  -0.452975E-26
 181   0.367233E+04   0.185066E-24   0.479699E-26  -0.457968E-26   0.185040E-24   0.481451E-26  -0.455507E-26   0.185063E-24   0.479809E-26  -0.457852E-26   0.185039E-24   0.484662E-26  -0.455504E-26
 182   0.403957E+04   0.186128E-24   0.485687E-26  -0.460597E-26   0.186130E-24   0.484287E-26  -0.458191E-26   0.186122E-24   0.484267E-26  -0.458171E-26   0.186146E-24   0.482615E-26  -0.460530E-26
 183   0.444352E+04   0.187259E-24   0.487691E-26  -0.460525E-26   0.187255E-24   0.487215E-26  -0.460960E-26   0.187279E-24   0.485554E-26  -0.463334E-26   0.187254E-24   0.487213E-26  -0.460958E-26
 184   0.488788E+04   0.188455E-24   0.488483E-26  -0.466355E-26   0.188429E-24   0.490268E-26  -0.463848E-26   0.188452E-24   0.488596E-26  -0.466237E-26   0.188428E-24   0.490265E-26  -0.463846E-26
 185   0.537666E+04   0.189635E-24   0.494117E-26  -0.466145E-26   0.189634E-24   0.493405E-26  -0.466816E-26   0.189658E-24   0.491722E-26  -0.469220E-26   0.189633E-24   0.493402E-26  -0.466814E-26
 186   0.591433E+04   0.190913E-24   0.493183E-26  -0.474033E-26   0.190903E-24   0.494949E-26  -0.472299E-26   0.190878E-24   0.496640E-26  -0.469877E-26   0.190902E-24   0.494946E-26  -0.472297E-26
 187   0.650576E+04   0.192173E-24   0.495717E-26  -0.473978E-26   0.192155E-24   0.497464E-26  -0.472224E-26   0.192186E-24   0.494816E-26  -0.475589E-26   0.192158E-24   0.497473E-26  -0.472233E-26
 188   0.715634E+04   0.193463E-24   0.501586E-26  -0.478633E-26   0.193470E-24   0.498243E-26  -0.478650E-26   0.193476E-24   0.498137E-26  -0.478781E-26   0.193481E-24   0.498149E-26  -0.478792E-26
 189   0.787197E+04   0.194800E-24   0.501547E-26  -0.482058E-26   0.194772E-24   0.504240E-26  -0.478656E-26   0.194771E-24   0.504237E-26  -0.478653E-26   0.194770E-24   0.504234E-26  -0.478650E-26
 190   0.865917E+04   0.196125E-24   0.504958E-26  -0.485336E-26   0.196130E-24   0.504970E-26  -0.485348E-26   0.196135E-24   0.504983E-26  -0.485360E-26   0.196140E-24   0.504995E-26  -0.485372E-26
 191   0.100000E+05   0.198181E-24   0.510374E-26  -0.490305E-26   0.198187E-24   0.510266E-26  -0.490438E-26   0.198192E-24   0.510278E-26  -0.490450E-26   0.198163E-24   0.513019E-26  -0.486990E-26
